20.820000 24.940001 82.260002 -25.520000 -42.740002 0.000000 6546.000000 -2020.000000 3446.000000 1111.000000 -3527.000000 4400.000000 
21.150000 25.500000 82.620003 -24.670000 -42.240002 0.000000 6289.000000 -1749.000000 2369.000000 1694.000000 -3237.000000 4577.000000 
21.610001 26.490000 82.959999 -23.660000 -41.810001 0.000000 5532.000000 -1800.000000 2290.000000 1178.000000 -3121.000000 4497.000000 
21.809999 27.670000 83.160004 -22.520000 -41.439999 0.000000 5190.000000 -1233.000000 1089.000000 929.000000 -2913.000000 4214.000000 
22.219999 29.190001 83.440002 -21.379999 -41.070000 0.000000 4979.000000 -891.000000 561.000000 846.000000 -2854.000000 4584.000000 
22.840000 30.320000 83.860001 -20.309999 -40.680000 0.000000 4318.000000 -394.000000 75.000000 1632.000000 -2409.000000 4353.000000 
22.600000 31.049999 83.610001 -19.350000 -40.240002 0.000000 3918.000000 157.000000 -248.000000 2058.000000 -2218.000000 4317.000000 
22.040001 31.620001 82.800003 -18.730000 -39.919998 0.000000 4258.000000 83.000000 44.000000 1768.000000 -2392.000000 4258.000000 
21.700001 31.750000 81.690002 -18.440001 -39.650002 0.000000 4296.000000 -20.000000 296.000000 1430.000000 -2647.000000 4227.000000 
21.650000 31.350000 80.230003 -18.559999 -39.389999 0.000000 4156.000000 -724.000000 747.000000 1224.000000 -2864.000000 4216.000000 
21.969999 30.570000 78.510002 -18.690001 -39.130001 0.000000 4047.000000 -216.000000 82.000000 628.000000 -3010.000000 3870.000000 
22.420000 29.820000 76.769997 -19.190001 -38.980000 0.000000 3899.000000 -641.000000 782.000000 31.000000 -3043.000000 3605.000000 
23.000000 28.790001 74.989998 -19.980000 -39.009998 0.000000 3939.000000 -978.000000 1243.000000 -417.000000 -3164.000000 3410.000000 
23.900000 27.690001 73.349998 -20.830000 -38.939999 0.000000 3863.000000 -1131.000000 1466.000000 -471.000000 -3064.000000 3308.000000 
24.889999 26.760000 71.830002 -21.690001 -38.709999 0.000000 3785.000000 -1278.000000 1682.000000 -251.000000 -2777.000000 3014.000000 
25.799999 26.070000 70.279999 -22.469999 -38.500000 0.000000 3708.000000 -1311.000000 1806.000000 -310.000000 -2588.000000 2893.000000 
26.650000 25.760000 68.690002 -23.209999 -38.340000 0.000000 3380.000000 -1450.000000 1943.000000 -308.000000 -2432.000000 2682.000000 
27.540001 25.580000 67.160004 -23.850000 -37.200001 0.000000 3066.000000 -1380.000000 1953.000000 -389.000000 -2279.000000 2580.000000 
28.500000 25.440001 65.639999 -24.480000 -37.180000 0.000000 2719.000000 -1359.000000 1854.000000 -468.000000 -2086.000000 2484.000000 
29.459999 25.360001 64.110001 -25.180000 -37.180000 0.000000 2191.000000 -1335.000000 1669.000000 -626.000000 -1979.000000 2360.000000 
30.280001 25.299999 62.520000 -25.959999 -37.099998 0.000000 1789.000000 -1352.000000 1673.000000 -650.000000 -1981.000000 2355.000000 
30.670000 25.379999 60.779999 -27.059999 -36.889999 0.000000 1667.000000 -1568.000000 1644.000000 -770.000000 -1922.000000 1918.000000 
30.480000 25.610001 58.750000 -28.180000 -36.580002 0.000000 1411.000000 -1877.000000 2317.000000 -1257.000000 -2174.000000 1697.000000 
29.809999 25.830000 56.509998 -29.680000 -36.349998 0.000000 1639.000000 -2178.000000 2326.000000 -1541.000000 -2542.000000 1848.000000 
28.799999 26.000000 54.189999 -31.110001 -36.180000 0.000000 1677.000000 -2363.000000 2739.000000 -1632.000000 -2869.000000 1895.000000 
27.440001 26.139999 51.830002 -32.400002 -36.040001 0.000000 1752.000000 -2581.000000 3154.000000 -1646.000000 -2901.000000 1840.000000 
25.730000 26.190001 49.490002 -33.500000 -35.970001 0.000000 2265.000000 -2411.000000 3058.000000 -1487.000000 -2930.000000 1895.000000 
23.889999 26.240000 47.220001 -34.349998 -35.939999 0.000000 2474.000000 -2295.000000 2939.000000 -1450.000000 -3012.000000 1941.000000 
22.040001 26.389999 45.080002 -35.099998 -35.939999 0.000000 2199.000000 -2337.000000 2764.000000 -1591.000000 -3278.000000 2126.000000 
20.190001 26.510000 42.970001 -35.570000 -35.900002 0.000000 1480.000000 -2067.000000 2626.000000 -1695.000000 -3402.000000 2090.000000 
18.270000 26.629999 40.889999 -36.240002 -35.799999 0.000000 1533.000000 -2674.000000 2843.000000 -2212.000000 -3458.000000 1830.000000 
16.360001 26.629999 38.889999 -36.820000 -35.750000 0.000000 1629.000000 -2818.000000 3201.000000 -2396.000000 -3517.000000 1882.000000 
14.520000 26.520000 37.080002 -37.470001 -35.790001 0.000000 1990.000000 -2913.000000 3235.000000 -2143.000000 -3369.000000 1954.000000 
12.730000 26.370001 35.450001 -37.889999 -35.950001 0.000000 2163.000000 -2929.000000 3662.000000 -1754.000000 -3261.000000 2084.000000 
10.840000 26.270000 33.970001 -38.209999 -36.299999 0.000000 1991.000000 -3080.000000 3947.000000 -1625.000000 -3196.000000 2107.000000 
8.960000 26.350000 32.669998 -38.459999 -36.759998 0.000000 1750.000000 -3180.000000 4127.000000 -1635.000000 -3105.000000 2021.000000 
7.070000 26.480000 31.490000 -38.599998 -37.439999 0.000000 1670.000000 -2925.000000 3616.000000 -1260.000000 -3119.000000 2080.000000 
5.080000 26.480000 30.379999 -38.820000 -38.320000 0.000000 1694.000000 -2741.000000 3075.000000 -965.000000 -3223.000000 2369.000000 
3.040000 26.350000 29.290001 -39.150002 -39.290001 0.000000 1885.000000 -2673.000000 2821.000000 -968.000000 -3565.000000 2886.000000 
1.040000 26.090000 28.270000 -39.419998 -40.290001 0.000000 2069.000000 -2682.000000 2968.000000 -1007.000000 -3689.000000 3215.000000 
-0.880000 25.790001 27.350000 -39.709999 -41.340000 0.000000 1941.000000 -2796.000000 3101.000000 -738.000000 -3524.000000 3075.000000 
-2.760000 25.420000 26.490000 -40.119999 -42.430000 0.000000 2117.000000 -2650.000000 2803.000000 -543.000000 -3337.000000 2893.000000 
-4.610000 25.070000 25.730000 -40.500000 -43.450001 0.000000 2462.000000 -2475.000000 2612.000000 -290.000000 -3394.000000 3129.000000 
-6.390000 24.670000 25.000000 -40.820000 -44.150002 0.000000 2825.000000 -2335.000000 2491.000000 -217.000000 -3435.000000 3402.000000 
-8.000000 24.150000 24.440001 -41.169998 -44.650002 0.000000 2915.000000 -2279.000000 2540.000000 -169.000000 -3341.000000 3431.000000 
-9.210000 23.459999 23.770000 -41.630001 -45.119999 0.000000 2712.000000 -2221.000000 2406.000000 -170.000000 -3272.000000 3301.000000 
-9.640000 22.709999 23.320000 -42.250000 -45.299999 0.000000 2467.000000 -2166.000000 2174.000000 -1341.000000 -6877.000000 9134.000000 
-10.930000 22.070000 22.799999 -43.029999 -45.349998 0.000000 2433.000000 -2281.000000 2123.000000 -14.000000 -3138.000000 2668.000000 
-11.910000 21.700001 22.500000 -43.490002 -44.869999 0.000000 3626.000000 -2839.000000 3318.000000 -190.000000 -3162.000000 2899.000000 
-12.820000 21.530001 22.260000 -44.189999 -44.290001 0.000000 4096.000000 -2629.000000 2388.000000 1257.000000 -3338.000000 3704.000000 
-12.950000 20.400000 22.299999 -44.779999 -43.939999 0.000000 4605.000000 -2926.000000 3140.000000 1096.000000 -3248.000000 3557.000000 
-11.830000 19.620001 22.799999 -45.540001 -43.970001 0.000000 4068.000000 -2580.000000 2131.000000 952.000000 -3138.000000 3265.000000 
-10.540000 19.469999 23.299999 -46.320000 -44.439999 0.000000 2953.000000 -2502.000000 2155.000000 -1705.000000 -3432.000000 3274.000000 
-9.450000 20.440001 23.790001 -47.160000 -45.009998 0.000000 2897.000000 -2325.000000 1969.000000 -1566.000000 -2973.000000 3269.000000 
-8.770000 21.770000 24.250000 -47.509998 -44.919998 0.000000 2689.000000 -1887.000000 2227.000000 293.000000 -2406.000000 3251.000000 
-7.720000 22.680000 24.879999 -48.490002 -44.750000 0.000000 2769.000000 -1752.000000 1776.000000 1463.000000 -2214.000000 3265.000000 
-6.460000 23.120001 25.459999 -49.639999 -44.340000 0.000000 3047.000000 -1684.000000 1665.000000 776.000000 -2723.000000 3110.000000 
-5.000000 23.000000 26.200001 -50.889999 -44.189999 0.000000 2861.000000 -2116.000000 1792.000000 -696.000000 -2898.000000 3234.000000 
-3.740000 22.410000 26.820000 -52.709999 -43.590000 0.000000 2438.000000 -2244.000000 1434.000000 236.000000 -2430.000000 3108.000000 
-2.510000 21.639999 27.559999 -54.709999 -43.220001 0.000000 3106.000000 -2493.000000 1349.000000 2419.000000 -2125.000000 3460.000000 
-1.480000 20.639999 28.190001 -56.869999 -42.740002 0.000000 3666.000000 -2608.000000 1039.000000 2445.000000 -2351.000000 3661.000000 
-0.790000 19.639999 28.690001 -59.180000 -42.099998 0.000000 3540.000000 -3253.000000 648.000000 1116.000000 -2886.000000 3801.000000 
-0.280000 18.889999 29.129999 -61.060001 -41.369999 0.000000 2558.000000 -3994.000000 1236.000000 994.000000 -2892.000000 3887.000000 
0.480000 18.590000 29.830000 -62.779999 -40.740002 0.000000 1203.000000 -5240.000000 270.000000 686.000000 -3151.000000 3666.000000 
0.870000 18.180000 30.510000 -63.529999 -40.259998 0.000000 3476.000000 -3133.000000 1103.000000 435.000000 -2671.000000 3201.000000 
1.230000 18.139999 31.420000 -64.010002 -40.279999 0.000000 3283.000000 -2790.000000 955.000000 232.000000 -2538.000000 2849.000000 
1.530000 18.809999 32.380001 -63.619999 -39.990002 0.000000 3181.000000 -2621.000000 1386.000000 1230.000000 -2407.000000 3356.000000 
1.050000 19.629999 32.910000 -64.099998 -39.840000 0.000000 3122.000000 -2363.000000 722.000000 1469.000000 -2754.000000 3595.000000 
1.190000 20.559999 33.389999 -64.610001 -40.009998 0.000000 2869.000000 -2309.000000 600.000000 118.000000 -3223.000000 3502.000000 
0.990000 20.250000 33.860001 -64.839996 -40.119999 0.000000 3283.000000 -2454.000000 693.000000 -177.000000 -3163.000000 3057.000000 
0.740000 20.360001 34.439999 -64.940002 -40.200001 0.000000 3014.000000 -2742.000000 881.000000 -16.000000 -2932.000000 2563.000000 
0.740000 19.719999 34.840000 -65.349998 -40.230000 0.000000 2886.000000 -2802.000000 772.000000 -279.000000 -2613.000000 2335.000000 
1.330000 19.250000 35.389999 -65.529999 -40.169998 0.000000 2675.000000 -2686.000000 857.000000 -25.000000 -2298.000000 2407.000000 
2.000000 18.990000 36.000000 -65.279999 -40.169998 0.000000 2683.000000 -2684.000000 1017.000000 493.000000 -2063.000000 2267.000000 
2.320000 18.520000 36.500000 -65.339996 -40.880001 0.000000 2829.000000 -2667.000000 933.000000 287.000000 -2736.000000 2748.000000 
1.950000 18.150000 36.820000 -65.239998 -41.660000 0.000000 2605.000000 -2717.000000 1031.000000 439.000000 -3382.000000 3579.000000 
1.480000 19.170000 36.980000 -65.029999 -42.389999 0.000000 3904.000000 -2794.000000 1150.000000 596.000000 -3431.000000 3601.000000 
0.930000 20.170000 37.040001 -64.430000 -43.139999 0.000000 2993.000000 -3022.000000 1260.000000 171.000000 -3752.000000 3687.000000 
0.450000 21.110001 37.139999 -63.570000 -43.820000 0.000000 2901.000000 -3425.000000 1692.000000 -8.000000 -3540.000000 3220.000000 
0.190000 22.090000 37.299999 -62.580002 -44.450001 0.000000 2843.000000 -3778.000000 2083.000000 -464.000000 -3459.000000 2717.000000 
0.020000 23.100000 37.549999 -61.349998 -45.040001 0.000000 3164.000000 -3875.000000 2291.000000 -884.000000 -3773.000000 3077.000000 
-0.630000 23.850000 37.619999 -60.139999 -45.610001 0.000000 2959.000000 -3838.000000 2388.000000 -1128.000000 -3954.000000 3167.000000 
-0.710000 25.129999 37.869999 -58.770000 -45.820000 0.000000 2929.000000 -3660.000000 2344.000000 -1098.000000 -3667.000000 3399.000000 
-0.860000 26.480000 38.130001 -57.400002 -45.889999 0.000000 2342.000000 -3080.000000 2081.000000 -1339.000000 -3783.000000 3376.000000 
-0.670000 27.770000 38.650002 -56.209999 -45.840000 0.000000 2096.000000 -2855.000000 1833.000000 -1216.000000 -3524.000000 3146.000000 
-0.390000 29.049999 39.240002 -54.849998 -45.590000 0.000000 1972.000000 -2656.000000 1926.000000 -1039.000000 -3170.000000 2942.000000 
-0.040000 30.219999 39.919998 -53.380001 -45.259998 0.000000 2131.000000 -2533.000000 1960.000000 -863.000000 -2938.000000 2785.000000 
0.540000 31.200001 40.740002 -52.220001 -45.099998 0.000000 2214.000000 -2585.000000 1940.000000 -1130.000000 -2792.000000 2609.000000 
1.150000 31.990000 41.619999 -51.230000 -45.040001 0.000000 2232.000000 -2741.000000 2189.000000 -1183.000000 -2884.000000 2732.000000 
1.750000 32.520000 42.619999 -50.349998 -45.169998 0.000000 2491.000000 -3017.000000 2439.000000 -1390.000000 -3193.000000 2949.000000 
2.250000 33.020000 43.669998 -49.490002 -45.439999 0.000000 2696.000000 -3300.000000 2799.000000 -1677.000000 -3500.000000 3190.000000 
2.330000 33.860001 44.599998 -48.509998 -45.820000 0.000000 2783.000000 -3404.000000 3047.000000 -1722.000000 -3645.000000 3178.000000 
2.120000 34.959999 45.330002 -47.290001 -46.070000 0.000000 2684.000000 -3294.000000 3056.000000 -1774.000000 -3721.000000 3302.000000 
2.010000 36.169998 46.139999 -45.900002 -46.310001 0.000000 2565.000000 -3044.000000 2957.000000 -1692.000000 -3638.000000 2991.000000 
2.030000 37.360001 47.029999 -44.509998 -46.320000 0.000000 2120.000000 -2673.000000 2661.000000 -1566.000000 -3413.000000 2929.000000 
2.200000 38.360001 48.099998 -43.259998 -46.279999 0.000000 1869.000000 -2389.000000 2425.000000 -1480.000000 -3164.000000 2632.000000 
2.740000 39.119999 49.430000 -42.529999 -46.009998 0.000000 1902.000000 -2374.000000 2305.000000 -1513.000000 -2981.000000 2647.000000 
3.760000 39.230000 51.189999 -42.049999 -45.439999 0.000000 2032.000000 -2445.000000 2294.000000 -1392.000000 -2831.000000 2713.000000 
4.810000 38.970001 52.959999 -41.730000 -44.730000 0.000000 2303.000000 -2570.000000 2384.000000 -1252.000000 -2727.000000 2742.000000 
5.790000 38.599998 54.650002 -41.439999 -43.910000 0.000000 2471.000000 -2635.000000 2433.000000 -1127.000000 -2716.000000 2878.000000 
6.600000 38.209999 56.290001 -41.150002 -43.209999 0.000000 2616.000000 -2672.000000 2409.000000 -1040.000000 -2695.000000 2922.000000 
7.350000 37.910000 57.950001 -40.840000 -42.669998 0.000000 2592.000000 -2688.000000 2353.000000 -1067.000000 -2785.000000 3013.000000 
7.780000 37.610001 59.470001 -40.419998 -42.340000 0.000000 2683.000000 -2663.000000 2311.000000 -1013.000000 -2857.000000 3076.000000 
7.970000 37.619999 61.049999 -39.919998 -42.070000 0.000000 2585.000000 -2529.000000 2215.000000 -846.000000 -2875.000000 3104.000000 
7.970000 37.709999 62.549999 -39.380001 -41.810001 0.000000 2571.000000 -2440.000000 2049.000000 -815.000000 -2843.000000 3066.000000 
7.860000 37.639999 63.980000 -38.869999 -41.540001 0.000000 2522.000000 -2262.000000 1861.000000 -688.000000 -2790.000000 3020.000000 
7.850000 37.540001 65.440002 -38.439999 -41.220001 0.000000 2446.000000 -2133.000000 1650.000000 -530.000000 -2660.000000 2945.000000 
7.880000 37.299999 66.849998 -38.130001 -41.049999 0.000000 2477.000000 -2112.000000 1610.000000 -641.000000 -2720.000000 2923.000000 
8.010000 36.830002 68.180000 -37.950001 -40.830002 0.000000 2603.000000 -2259.000000 1709.000000 -569.000000 -2746.000000 3018.000000 
8.200000 36.299999 69.430000 -37.869999 -40.490002 0.000000 2767.000000 -2528.000000 1853.000000 -646.000000 -2813.000000 3209.000000 
8.380000 35.810001 70.610001 -37.790001 -40.349998 0.000000 3045.000000 -2735.000000 1939.000000 -513.000000 -2899.000000 3219.000000 
8.570000 35.430000 71.790001 -37.650002 -40.020000 0.000000 3214.000000 -2960.000000 2036.000000 -64.000000 -2821.000000 3470.000000 
8.720000 35.220001 72.959999 -37.380001 -40.060001 0.000000 3443.000000 -3103.000000 2077.000000 -826.000000 -3059.000000 3386.000000 
8.910000 35.220001 74.190002 -37.009998 -39.910000 0.000000 3413.000000 -3232.000000 2160.000000 -166.000000 -2804.000000 3316.000000 
9.010000 35.439999 75.419998 -36.439999 -39.889999 0.000000 3488.000000 -3245.000000 2119.000000 -280.000000 -2776.000000 3190.000000 
9.100000 35.880001 76.680000 -35.700001 -39.939999 0.000000 3574.000000 -3187.000000 2108.000000 -160.000000 -2557.000000 2960.000000 
9.170000 36.549999 77.940002 -34.790001 -40.200001 0.000000 3509.000000 -3125.000000 2041.000000 -285.000000 -2541.000000 2850.000000 
9.090000 37.480000 79.150002 -33.790001 -40.709999 0.000000 3406.000000 -3087.000000 1974.000000 -520.000000 -2582.000000 2803.000000 
8.890000 38.660000 80.309998 -32.740002 -41.450001 0.000000 3244.000000 -3085.000000 1996.000000 -766.000000 -2687.000000 2831.000000 
8.440000 40.090000 81.400002 -31.629999 -42.340000 0.000000 3260.000000 -3186.000000 2136.000000 -774.000000 -2851.000000 2952.000000 
7.640000 41.779999 82.300003 -30.410000 -42.930000 0.000000 3458.000000 -3231.000000 2241.000000 -651.000000 -2721.000000 3211.000000 
6.610000 43.790001 83.129997 -29.040001 -43.830002 0.000000 3588.000000 -3224.000000 2502.000000 -1123.000000 -2868.000000 2951.000000 
5.390000 46.130001 83.779999 -27.469999 -44.869999 0.000000 4010.000000 -3119.000000 2473.000000 -1535.000000 -2862.000000 2920.000000 
4.410000 49.610001 84.550003 -25.709999 -45.570000 0.000000 3679.000000 -2865.000000 2587.000000 -1250.000000 -2410.000000 2650.000000 
3.230000 53.419998 85.059998 -23.830000 -46.509998 0.000000 3342.000000 -2457.000000 2379.000000 -1226.000000 -2296.000000 2390.000000 
1.710000 57.299999 85.230003 -21.950001 -47.639999 0.000000 2904.000000 -2013.000000 1993.000000 -1544.000000 -2378.000000 2290.000000 
-0.440000 61.189999 84.760002 -20.190001 -49.410000 0.000000 2537.000000 -1821.000000 1980.000000 -2005.000000 -2339.000000 1856.000000 
-3.370000 64.989998 83.529999 -18.570000 -51.209999 0.000000 2072.000000 -1600.000000 1988.000000 -1721.000000 -2663.000000 2113.000000 
-7.580000 68.660004 80.970001 -17.020000 -53.040001 0.000000 2085.000000 -1441.000000 2098.000000 -2385.000000 -2632.000000 2052.000000 
-13.200000 72.209999 76.959999 -15.580000 -54.770000 0.000000 1841.000000 -1368.000000 2350.000000 -2255.000000 -2591.000000 2093.000000 
-21.629999 75.489998 70.080002 -14.230000 -56.389999 0.000000 1758.000000 -1313.000000 2605.000000 -2397.000000 -2418.000000 1940.000000 
-34.520000 78.379997 58.689999 -12.950000 -58.610001 0.000000 1674.000000 -1381.000000 2826.000000 -3183.000000 -2320.000000 1513.000000 
-55.200001 80.559998 39.400002 -11.700000 -61.680000 0.000000 1417.000000 -1380.000000 2858.000000 -3459.000000 -2164.000000 965.000000 
-85.110001 81.290001 10.280000 -10.620000 -64.900002 0.000000 1145.000000 -1589.000000 2837.000000 -3575.000000 -2265.000000 1111.000000 
-113.839996 80.180000 -18.379999 -9.710000 -68.500000 0.000000 700.000000 -1766.000000 3149.000000 -2973.000000 -1879.000000 794.000000 
-132.539993 77.650002 -36.610001 -8.780000 -73.370003 0.000000 374.000000 -1993.000000 3585.000000 -3233.000000 -1889.000000 478.000000 
-143.690002 74.239998 -47.009998 -7.600000 -79.839996 0.000000 616.000000 -1991.000000 3754.000000 -3191.000000 -1770.000000 159.000000 
-150.570007 70.300003 -53.040001 -6.080000 -88.620003 0.000000 565.000000 -1685.000000 3652.000000 -2996.000000 -1437.000000 -112.000000 
-154.949997 66.040001 -56.509998 -4.520000 -100.489998 0.000000 405.000000 -1197.000000 3250.000000 -3383.000000 -1441.000000 -129.000000 
-157.699997 61.540001 -58.450001 -3.090000 -115.449997 0.000000 564.000000 -1411.000000 3021.000000 -3744.000000 -1488.000000 -242.000000 
-159.589996 56.950001 -59.689999 -1.890000 -132.050003 0.000000 -326.000000 -1112.000000 2729.000000 -4033.000000 -1213.000000 -350.000000 
-161.089996 52.410000 -60.650002 -1.020000 -149.490005 0.000000 -2019.000000 -611.000000 2311.000000 -5208.000000 -1038.000000 -1086.000000 
-162.440002 47.950001 -61.450001 -0.360000 -163.750000 0.000000 -1759.000000 -420.000000 2234.000000 -5382.000000 -1025.000000 -1685.000000 
-163.740005 43.650002 -62.090000 0.440000 -174.750000 0.000000 -2983.000000 68.000000 2231.000000 -4685.000000 -644.000000 -1237.000000 
-165.210007 39.520000 -62.740002 2.150000 175.580002 0.000000 -3599.000000 643.000000 2230.000000 -3891.000000 -86.000000 -1434.000000 
-166.910004 35.610001 -63.439999 4.860000 167.960007 0.000000 -4119.000000 972.000000 2186.000000 -4476.000000 -64.000000 -1000.000000 
-168.660004 32.369999 -64.089996 7.970000 161.509995 0.000000 -2635.000000 236.000000 2742.000000 -3661.000000 760.000000 -1998.000000 
-170.169998 28.590000 -64.519997 11.450000 156.380005 0.000000 -2106.000000 232.000000 2901.000000 -3005.000000 1201.000000 -2600.000000 
-171.029999 25.250000 -64.430000 15.240000 152.320007 0.000000 -2517.000000 916.000000 2176.000000 -3548.000000 1268.000000 -2669.000000 
-172.169998 21.840000 -64.379997 19.309999 149.130005 0.000000 -3062.000000 1450.000000 1613.000000 -3159.000000 1418.000000 -2986.000000 
-173.139999 18.480000 -64.199997 24.110001 146.539993 0.000000 -3692.000000 2324.000000 928.000000 -2822.000000 1259.000000 -2351.000000 
-173.940002 15.170000 -63.880001 28.850000 144.490005 0.000000 -4045.000000 1769.000000 758.000000 -2852.000000 1264.000000 -2310.000000 
-174.929993 11.680000 -63.639999 33.669998 142.800003 0.000000 -4493.000000 1942.000000 997.000000 -3357.000000 1403.000000 -2416.000000 
-175.600006 9.400000 -63.459999 38.410000 141.270004 0.000000 -4357.000000 2294.000000 709.000000 -2812.000000 1665.000000 -2514.000000 
-176.529999 7.680000 -63.360001 42.470001 139.889999 0.000000 -4263.000000 2739.000000 757.000000 -2478.000000 1962.000000 -2507.000000 
-177.460007 6.140000 -63.320000 46.020000 138.600006 0.000000 -4385.000000 3156.000000 669.000000 -1806.000000 2244.000000 -2436.000000 
-178.149994 4.950000 -63.279999 49.009998 137.399994 0.000000 -4237.000000 3091.000000 728.000000 -2043.000000 2398.000000 -2368.000000 
-178.809998 4.120000 -63.250000 51.290001 136.399994 0.000000 -4075.000000 2688.000000 809.000000 -2082.000000 2393.000000 -2415.000000 
-179.460007 3.290000 -63.189999 52.970001 135.520004 0.000000 -3972.000000 2509.000000 916.000000 -2074.000000 2390.000000 -2453.000000 
179.839996 2.430000 -63.189999 54.250000 134.630005 0.000000 -3823.000000 2352.000000 841.000000 -2172.000000 2365.000000 -2322.000000 
179.199997 1.700000 -63.189999 55.279999 133.729996 0.000000 -3692.000000 2441.000000 911.000000 -2082.000000 2382.000000 -2244.000000 
178.649994 1.060000 -63.240002 56.139999 132.710007 0.000000 -3355.000000 2616.000000 818.000000 -1687.000000 2472.000000 -2024.000000 
178.220001 0.280000 -63.279999 56.700001 131.899994 0.000000 -3143.000000 2222.000000 1039.000000 -1859.000000 2290.000000 -1992.000000 
177.809998 -0.500000 -63.330002 57.150002 131.240005 0.000000 -3048.000000 2138.000000 1135.000000 -1828.000000 2316.000000 -2049.000000 
177.389999 -1.230000 -63.369999 57.610001 130.619995 0.000000 -3105.000000 2259.000000 1070.000000 -1866.000000 2434.000000 -1985.000000 
176.970001 -1.790000 -63.439999 58.040001 130.080002 0.000000 -3060.000000 2448.000000 1091.000000 -1856.000000 2551.000000 -2002.000000 
176.570007 -2.260000 -63.500000 58.470001 129.619995 0.000000 -3022.000000 2620.000000 1006.000000 -1585.000000 2740.000000 -2039.000000 
176.259995 -2.570000 -63.509998 58.860001 129.240005 0.000000 -3097.000000 2737.000000 991.000000 -1566.000000 2828.000000 -2092.000000 
176.020004 -2.760000 -63.450001 59.169998 128.940002 0.000000 -3299.000000 2881.000000 782.000000 -1591.000000 2821.000000 -2088.000000 
175.850006 -2.800000 -63.380001 59.270000 128.770004 0.000000 -3712.000000 2844.000000 656.000000 -1916.000000 2708.000000 -2114.000000 
175.690002 -2.910000 -63.310001 59.150002 128.720001 0.000000 -3948.000000 2635.000000 619.000000 -2133.000000 2617.000000 -2181.000000 
175.529999 -3.190000 -63.340000 58.790001 128.710007 0.000000 -3740.000000 2353.000000 818.000000 -2109.000000 2664.000000 -2311.000000 
175.389999 -3.450000 -63.459999 58.389999 128.619995 0.000000 -3399.000000 2286.000000 993.000000 -2024.000000 2696.000000 -2287.000000 
175.199997 -3.700000 -63.639999 58.040001 128.360001 0.000000 -3115.000000 2296.000000 1033.000000 -1804.000000 2763.000000 -2105.000000 
175.000000 -3.960000 -63.759998 57.779999 128.070007 0.000000 -2915.000000 2358.000000 1053.000000 -1660.000000 2808.000000 -2049.000000 
174.830002 -4.180000 -63.869999 57.580002 127.800003 0.000000 -2926.000000 2453.000000 996.000000 -1613.000000 2840.000000 -2035.000000 
174.649994 -4.430000 -63.950001 57.380001 127.720001 0.000000 -3217.000000 2485.000000 897.000000 -1868.000000 2796.000000 -2217.000000 
174.440002 -4.530000 -64.000000 57.169998 127.669998 0.000000 -3429.000000 2535.000000 858.000000 -1878.000000 2853.000000 -2257.000000 
174.250000 -4.540000 -64.080002 56.939999 127.629997 0.000000 -3491.000000 2548.000000 825.000000 -1926.000000 2858.000000 -2271.000000 
174.050003 -4.590000 -64.160004 56.660000 127.599998 0.000000 -3346.000000 2536.000000 873.000000 -1820.000000 2858.000000 -2323.000000 
173.889999 -4.560000 -64.250000 56.320000 127.500000 0.000000 -3361.000000 2485.000000 936.000000 -1821.000000 2810.000000 -2215.000000 
173.820007 -4.500000 -64.370003 55.959999 127.430000 0.000000 -3251.000000 2437.000000 1007.000000 -1952.000000 2683.000000 -2192.000000 
173.740005 -4.550000 -64.489998 55.549999 127.300003 0.000000 -3221.000000 2391.000000 1005.000000 -1854.000000 2737.000000 -2121.000000 
173.639999 -4.550000 -64.610001 55.130001 127.160004 0.000000 -3167.000000 2394.000000 1047.000000 -1912.000000 2729.000000 -2075.000000 
173.539993 -4.580000 -64.709999 54.750000 127.010002 0.000000 -3158.000000 2354.000000 1032.000000 -1885.000000 2726.000000 -2061.000000 
173.509995 -4.660000 -64.820000 54.400002 126.809998 0.000000 -3128.000000 2395.000000 991.000000 -1832.000000 2718.000000 -1976.000000 
173.429993 -4.730000 -64.900002 54.090000 126.639999 0.000000 -3083.000000 2409.000000 1022.000000 -1819.000000 2703.000000 -1965.000000 
173.369995 -4.760000 -65.010002 53.799999 126.470001 0.000000 -3118.000000 2437.000000 1031.000000 -1821.000000 2702.000000 -1932.000000 
173.330002 -4.820000 -65.120003 53.480000 126.339996 0.000000 -3088.000000 2392.000000 1012.000000 -1819.000000 2688.000000 -1931.000000 
173.289993 -4.910000 -65.239998 53.150002 126.309998 0.000000 -3053.000000 2327.000000 1059.000000 -1915.000000 2655.000000 -2016.000000 
173.270004 -5.060000 -65.349998 52.840000 126.339996 0.000000 -3088.000000 2275.000000 1093.000000 -1820.000000 2654.000000 -2060.000000 
173.210007 -5.210000 -65.440002 52.570000 126.389999 0.000000 -3063.000000 2286.000000 1039.000000 -1906.000000 2689.000000 -2090.000000 
173.050003 -5.320000 -65.540001 52.299999 126.419998 0.000000 -3154.000000 2351.000000 999.000000 -1776.000000 2839.000000 -2179.000000 
172.919998 -5.440000 -65.629997 52.110001 126.500000 0.000000 -3162.000000 2422.000000 928.000000 -1802.000000 2916.000000 -2357.000000 
172.809998 -5.510000 -65.669998 51.939999 126.519997 0.000000 -3283.000000 2497.000000 882.000000 -1742.000000 2920.000000 -2355.000000 
172.750000 -5.470000 -65.739998 51.820000 126.500000 0.000000 -3404.000000 2579.000000 872.000000 -1814.000000 2833.000000 -2267.000000 
172.779999 -5.390000 -65.800003 51.700001 126.430000 0.000000 -3409.000000 2598.000000 843.000000 -1763.000000 2742.000000 -2155.000000 
172.860001 -5.390000 -65.900002 51.509998 126.309998 0.000000 -3327.000000 2553.000000 869.000000 -1743.000000 2697.000000 -2042.000000 
172.970001 -5.410000 -66.000000 51.230000 126.209999 0.000000 -3172.000000 2497.000000 900.000000 -1687.000000 2640.000000 -1959.000000 
173.020004 -5.460000 -66.110001 50.860001 126.209999 0.000000 -3143.000000 2348.000000 952.000000 -1810.000000 2641.000000 -2013.000000 
172.970001 -5.530000 -66.190002 50.459999 126.300003 0.000000 -3121.000000 2250.000000 1030.000000 -1936.000000 2706.000000 -2174.000000 
172.850006 -5.580000 -66.250000 50.070000 126.379997 0.000000 -3126.000000 2266.000000 1069.000000 -1877.000000 2812.000000 -2216.000000 
172.759995 -5.630000 -66.309998 49.730000 126.430000 0.000000 -3128.000000 2267.000000 1048.000000 -1855.000000 2827.000000 -2249.000000 
172.679993 -5.590000 -66.370003 49.520000 126.419998 0.000000 -3167.000000 2353.000000 1047.000000 -1827.000000 2806.000000 -2193.000000 
172.649994 -5.560000 -66.410004 49.380001 126.370003 0.000000 -3218.000000 2405.000000 997.000000 -1770.000000 2770.000000 -2154.000000 
172.679993 -5.560000 -66.440002 49.250000 126.309998 0.000000 -3250.000000 2451.000000 985.000000 -1782.000000 2702.000000 -2091.000000 
172.720001 -5.500000 -66.489998 49.099998 126.290001 0.000000 -3237.000000 2499.000000 943.000000 -1904.000000 2634.000000 -2075.000000 
172.800003 -5.410000 -66.570000 48.919998 126.279999 0.000000 -3288.000000 2501.000000 936.000000 -1777.000000 2667.000000 -2068.000000 
172.899994 -5.310000 -66.660004 48.639999 126.279999 0.000000 -3261.000000 2467.000000 996.000000 -1833.000000 2666.000000 -2032.000000 
172.940002 -5.260000 -66.739998 48.310001 126.330002 0.000000 -3168.000000 2349.000000 1044.000000 -1842.000000 2698.000000 -2090.000000 
172.949997 -5.240000 -66.830002 47.919998 126.379997 0.000000 -3082.000000 2262.000000 1105.000000 -1844.000000 2750.000000 -2126.000000 
172.889999 -5.200000 -66.879997 47.580002 126.430000 0.000000 -3133.000000 2230.000000 1127.000000 -1899.000000 2736.000000 -2148.000000 
172.830002 -5.120000 -66.910004 47.270000 126.459999 0.000000 -3170.000000 2259.000000 1124.000000 -1911.000000 2729.000000 -2189.000000 
172.800003 -5.050000 -66.940002 46.980000 126.480003 0.000000 -3254.000000 2328.000000 1126.000000 -1936.000000 2681.000000 -2149.000000 
172.860001 -4.930000 -66.989998 46.750000 126.440002 0.000000 -3347.000000 2388.000000 1077.000000 -1923.000000 2647.000000 -2053.000000 
172.949997 -4.840000 -67.070000 46.490002 126.419998 0.000000 -3270.000000 2455.000000 1074.000000 -1965.000000 2632.000000 -2025.000000 
173.059998 -4.720000 -67.190002 46.169998 126.419998 0.000000 -3278.000000 2490.000000 1126.000000 -1938.000000 2677.000000 -2008.000000 
173.160004 -4.570000 -67.320000 45.830002 126.489998 0.000000 -3399.000000 2526.000000 1130.000000 -2010.000000 2741.000000 -2082.000000 
173.149994 -4.390000 -67.410004 45.430000 126.669998 0.000000 -3389.000000 2490.000000 1153.000000 -2092.000000 2840.000000 -2298.000000 
173.149994 -4.170000 -67.559998 44.950001 126.849998 0.000000 -3424.000000 2422.000000 1213.000000 -2074.000000 2929.000000 -2383.000000 
173.169998 -3.900000 -67.669998 44.520000 127.019997 0.000000 -3562.000000 2501.000000 1210.000000 -2153.000000 2938.000000 -2458.000000 
173.259995 -3.480000 -67.779999 44.169998 127.120003 0.000000 -4027.000000 2749.000000 1089.000000 -2187.000000 2924.000000 -2391.000000 
173.449997 -2.910000 -67.930000 43.759998 127.209999 0.000000 -4328.000000 2958.000000 980.000000 -2276.000000 2814.000000 -2305.000000 
173.750000 -2.060000 -68.199997 43.230000 127.330002 0.000000 -4611.000000 3172.000000 924.000000 -2234.000000 2798.000000 -2282.000000 
174.000000 -0.880000 -68.570000 42.570000 127.519997 0.000000 -4583.000000 3479.000000 794.000000 -2143.000000 3023.000000 -2434.000000 
174.190002 0.500000 -69.000000 41.599998 127.750000 0.000000 -4444.000000 3543.000000 755.000000 -2056.000000 3199.000000 -2472.000000 
174.380005 2.000000 -69.419998 40.279999 128.119995 0.000000 -4146.000000 3462.000000 901.000000 -2035.000000 3270.000000 -2706.000000 
174.600006 3.580000 -69.779999 38.759998 128.529999 0.000000 -3923.000000 3238.000000 845.000000 -2053.000000 3229.000000 -2749.000000 
174.699997 5.090000 -70.099998 37.099998 128.949997 0.000000 -3604.000000 2929.000000 949.000000 -2365.000000 3110.000000 -2742.000000 
174.800003 6.570000 -70.459999 35.330002 129.320007 0.000000 -3568.000000 2688.000000 1140.000000 -2159.000000 3088.000000 -2802.000000 
174.889999 7.890000 -70.790001 33.680000 129.639999 0.000000 -3645.000000 2491.000000 976.000000 -2595.000000 2783.000000 -2533.000000 
174.910004 9.300000 -71.129997 31.980000 129.990005 0.000000 -3321.000000 2211.000000 1553.000000 -2503.000000 2737.000000 -2725.000000 
174.740005 10.850000 -71.570000 30.650000 130.360001 0.000000 -3454.000000 2367.000000 1601.000000 -2527.000000 2632.000000 -2852.000000 
174.240005 12.570000 -72.120003 29.250000 130.259995 0.000000 -2967.000000 2040.000000 2058.000000 -2465.000000 3156.000000 -2483.000000 
173.690002 14.220000 -72.690002 28.299999 129.850006 0.000000 -2854.000000 2393.000000 2179.000000 -2732.000000 3082.000000 -2002.000000 
173.419998 15.470000 -73.019997 27.709999 129.559998 0.000000 -2352.000000 2542.000000 2044.000000 -1971.000000 3085.000000 -2299.000000 
173.000000 16.590000 -73.150002 27.280001 129.410004 0.000000 -2281.000000 2217.000000 2129.000000 -2620.000000 2774.000000 -2145.000000 
172.529999 17.709999 -73.169998 26.809999 129.520004 0.000000 -2545.000000 2001.000000 2537.000000 -3135.000000 2369.000000 -2246.000000 
172.240005 18.820000 -73.139999 26.459999 129.619995 0.000000 -2561.000000 2124.000000 2619.000000 -3322.000000 2091.000000 -2158.000000 
171.940002 20.020000 -73.250000 26.020000 129.360001 0.000000 -2563.000000 2192.000000 2714.000000 -3287.000000 2190.000000 -1799.000000 
171.779999 21.549999 -73.379997 25.799999 128.990005 0.000000 -2862.000000 2728.000000 2479.000000 -2941.000000 2077.000000 -1580.000000 
171.490005 23.330000 -73.669998 25.490000 128.589996 0.000000 -2755.000000 2932.000000 2346.000000 -3055.000000 2318.000000 -1559.000000 
171.270004 25.490000 -73.980003 24.969999 128.110001 0.000000 -3235.000000 3329.000000 2120.000000 -3688.000000 1908.000000 -1216.000000 
171.020004 27.930000 -74.440002 24.070000 127.849998 0.000000 -3355.000000 3189.000000 1991.000000 -3514.000000 2116.000000 -1733.000000 
170.720001 30.469999 -74.959999 22.910000 127.459999 0.000000 -2829.000000 2831.000000 1821.000000 -3474.000000 1866.000000 -1570.000000 
170.440002 33.150002 -75.519997 21.540001 126.849998 0.000000 -2438.000000 2480.000000 2175.000000 -3436.000000 1634.000000 -1439.000000 
170.199997 35.799999 -76.160004 20.010000 125.459999 0.000000 -2085.000000 2103.000000 2374.000000 -2688.000000 1152.000000 -818.000000 
169.910004 38.529999 -76.839996 18.389999 124.370003 0.000000 -1504.000000 1844.000000 2673.000000 -3803.000000 902.000000 -883.000000 
169.690002 41.230000 -77.489998 16.799999 121.089996 0.000000 -1022.000000 1693.000000 2617.000000 -3153.000000 539.000000 -191.000000 
169.330002 43.939999 -78.239998 14.350000 117.959999 0.000000 -1198.000000 983.000000 3213.000000 -3795.000000 651.000000 -710.000000 
168.940002 46.700001 -79.120003 11.950000 108.699997 0.000000 -1290.000000 783.000000 3122.000000 -3598.000000 -14.000000 -47.000000 
168.169998 49.540001 -80.370003 10.040000 74.879997 0.000000 -1025.000000 1064.000000 2813.000000 -3654.000000 303.000000 -91.000000 
166.929993 52.360001 -82.070000 8.180000 8.310000 0.000000 -2284.000000 1104.000000 2910.000000 -4016.000000 240.000000 419.000000 
165.649994 55.160000 -83.849998 6.250000 -13.530000 0.000000 -287.000000 539.000000 2982.000000 -3337.000000 330.000000 -247.000000 
163.720001 57.900002 -86.089996 4.420000 -19.840000 0.000000 981.000000 462.000000 2854.000000 -2657.000000 241.000000 350.000000 
161.699997 60.549999 -88.339996 2.900000 -23.980000 0.000000 482.000000 385.000000 2988.000000 -3879.000000 -91.000000 1256.000000 
159.089996 63.000000 -91.190002 1.410000 -27.520000 0.000000 -989.000000 841.000000 2870.000000 -3431.000000 -248.000000 427.000000 
155.649994 65.279999 -94.809998 -1.000000 -29.969999 0.000000 482.000000 -529.000000 3279.000000 -3587.000000 -665.000000 825.000000 
151.619995 67.339996 -98.860001 -3.320000 -31.270000 0.000000 736.000000 -888.000000 3475.000000 -3682.000000 -850.000000 1052.000000 
146.889999 69.150002 -103.470001 -5.350000 -31.469999 0.000000 841.000000 -1002.000000 3853.000000 -2155.000000 -1081.000000 1403.000000 
141.940002 70.879997 -108.220001 -6.470000 -31.360001 0.000000 1025.000000 -565.000000 3542.000000 -2402.000000 -788.000000 1255.000000 
135.610001 72.419998 -114.309998 -7.300000 -31.690001 0.000000 1232.000000 -405.000000 3117.000000 -3022.000000 -1076.000000 1594.000000 
128.350006 73.830002 -121.330002 -8.030000 -31.219999 0.000000 1071.000000 -326.000000 2820.000000 -2975.000000 -884.000000 1630.000000 
119.199997 74.739998 -130.160004 -8.820000 -29.920000 0.000000 905.000000 -354.000000 2798.000000 -2702.000000 -596.000000 1651.000000 
108.620003 75.080002 -140.320007 -9.710000 -29.510000 0.000000 1144.000000 -535.000000 2872.000000 -2879.000000 -767.000000 1534.000000 
97.900002 74.889999 -150.490005 -10.820000 -29.330000 0.000000 1503.000000 -874.000000 3170.000000 -2800.000000 -650.000000 1333.000000 
88.029999 74.209999 -159.679993 -11.880000 -28.760000 0.000000 1768.000000 -907.000000 3203.000000 -2072.000000 -767.000000 1524.000000 
78.529999 73.410004 -168.330002 -12.920000 -28.559999 0.000000 2086.000000 -872.000000 2987.000000 -2268.000000 -1025.000000 1948.000000 
70.139999 72.339996 -175.809998 -14.060000 -28.809999 0.000000 2024.000000 -957.000000 2857.000000 -2016.000000 -1261.000000 2195.000000 
62.549999 71.190002 177.520004 -15.240000 -28.930000 0.000000 2296.000000 -1030.000000 2882.000000 -1484.000000 -1237.000000 2247.000000 
55.820000 69.989998 171.710007 -16.490000 -29.260000 0.000000 2411.000000 -1066.000000 2753.000000 -1601.000000 -1486.000000 2495.000000 
49.990002 68.790001 166.809998 -17.940001 -30.299999 0.000000 2092.000000 -1273.000000 2782.000000 -1885.000000 -1743.000000 2314.000000 
44.680000 67.620003 162.440002 -19.480000 -31.320000 0.000000 1853.000000 -1343.000000 2698.000000 -2154.000000 -1949.000000 2362.000000 
39.660000 66.440002 158.330002 -21.020000 -32.320000 0.000000 1466.000000 -1215.000000 2331.000000 -2002.000000 -2131.000000 2322.000000 
35.049999 65.099998 154.619995 -22.760000 -33.040001 0.000000 1511.000000 -1279.000000 2122.000000 -1652.000000 -2034.000000 2431.000000 
30.889999 63.279999 151.279999 -24.809999 -33.430000 0.000000 2144.000000 -1670.000000 2210.000000 -780.000000 -2247.000000 2725.000000 
27.190001 61.180000 148.300003 -27.049999 -34.139999 0.000000 3078.000000 -2253.000000 2537.000000 -1407.000000 -2812.000000 3225.000000 
24.129999 58.990002 145.770004 -29.260000 -34.410000 0.000000 3481.000000 -2681.000000 2798.000000 -823.000000 -2584.000000 3333.000000 
21.670000 56.900002 143.789993 -31.200001 -35.020000 0.000000 3652.000000 -2822.000000 2966.000000 -912.000000 -2775.000000 3214.000000 
19.490000 55.070000 142.080002 -32.820000 -35.490002 0.000000 3188.000000 -2420.000000 2437.000000 -769.000000 -2753.000000 3268.000000 
17.389999 53.529999 140.490005 -34.189999 -35.820000 0.000000 2770.000000 -1990.000000 1950.000000 -1007.000000 -2891.000000 3426.000000 
15.510000 52.000000 139.089996 -35.700001 -35.709999 0.000000 2298.000000 -1772.000000 1458.000000 -753.000000 -2589.000000 3246.000000 
13.930000 50.250000 137.889999 -37.490002 -35.840000 0.000000 2116.000000 -1775.000000 1199.000000 -860.000000 -2557.000000 2974.000000 
12.950000 48.110001 137.089996 -39.599998 -36.209999 0.000000 2376.000000 -2213.000000 1350.000000 -549.000000 -2753.000000 2912.000000 
12.010000 45.869999 136.259995 -41.869999 -36.650002 0.000000 2906.000000 -2971.000000 1908.000000 -560.000000 -2780.000000 2833.000000 
11.130000 43.630001 135.520004 -44.009998 -37.099998 0.000000 3471.000000 -3484.000000 2235.000000 278.000000 -2934.000000 3028.000000 
10.240000 41.540001 134.800003 -45.869999 -37.689999 0.000000 3802.000000 -3613.000000 2315.000000 -385.000000 -3318.000000 3465.000000 
9.250000 39.709999 134.070007 -47.349998 -38.310001 0.000000 3563.000000 -3335.000000 2091.000000 -359.000000 -3297.000000 3400.000000 
8.010000 38.290001 133.179993 -48.529999 -38.820000 0.000000 3120.000000 -2876.000000 1719.000000 -359.000000 -3422.000000 3591.000000 
6.770000 37.570000 132.270004 -49.709999 -39.189999 0.000000 2411.000000 -2455.000000 1284.000000 -649.000000 -3358.000000 3416.000000 
6.010000 37.040001 131.649994 -51.189999 -39.419998 0.000000 1966.000000 -2204.000000 858.000000 -644.000000 -3451.000000 3370.000000 
5.340000 36.029999 131.020004 -52.900002 -39.500000 0.000000 2342.000000 -2586.000000 1059.000000 -350.000000 -3240.000000 3206.000000 
4.920000 34.560001 130.470001 -54.619999 -39.540001 0.000000 2802.000000 -3169.000000 1532.000000 -133.000000 -3126.000000 3064.000000 
4.890000 32.439999 130.270004 -56.330002 -39.560001 0.000000 3692.000000 -3602.000000 1734.000000 -134.000000 -3066.000000 3192.000000 
4.960000 30.450001 130.149994 -57.750000 -39.639999 0.000000 3876.000000 -3787.000000 1936.000000 118.000000 -3090.000000 3356.000000 
4.910000 28.760000 129.869995 -58.869999 -39.869999 0.000000 3597.000000 -3442.000000 1728.000000 -28.000000 -3281.000000 3528.000000 
4.520000 27.870001 129.330002 -59.849998 -40.119999 0.000000 3271.000000 -3079.000000 1354.000000 -29.000000 -3298.000000 3510.000000 
4.180000 27.480000 128.919998 -60.680000 -40.389999 0.000000 2926.000000 -2866.000000 1257.000000 102.000000 -3335.000000 3474.000000 
3.790000 27.190001 128.550003 -61.639999 -40.380001 0.000000 3058.000000 -2766.000000 1008.000000 102.000000 -3425.000000 3747.000000 
3.510000 26.719999 128.160004 -62.610001 -40.529999 0.000000 3361.000000 -2926.000000 1083.000000 398.000000 -3510.000000 3681.000000 
3.050000 26.070000 127.699997 -63.990002 -40.230000 0.000000 2535.000000 -2334.000000 375.000000 24.000000 -4351.000000 5153.000000 
2.780000 25.570000 127.519997 -65.610001 -39.410000 0.000000 3777.000000 -2648.000000 238.000000 -1.000000 -3767.000000 4977.000000 
3.440000 24.120001 127.459999 -67.379997 -38.320000 0.000000 3757.000000 -3040.000000 822.000000 1055.000000 -2432.000000 3480.000000 
4.290000 22.080000 127.730003 -68.580002 -37.709999 0.000000 4753.000000 -3980.000000 1896.000000 580.000000 -2436.000000 2908.000000 
5.140000 20.400000 127.900002 -69.440002 -37.619999 0.000000 4534.000000 -3834.000000 1633.000000 357.000000 -3085.000000 3698.000000 
5.720000 19.280001 127.769997 -70.129997 -36.849998 0.000000 4329.000000 -3447.000000 1224.000000 1170.000000 -3418.000000 5632.000000 
6.170000 18.930000 127.610001 -70.680000 -36.500000 0.000000 4260.000000 -3103.000000 935.000000 901.000000 -2549.000000 3316.000000 
6.690000 18.520000 127.320000 -71.129997 -35.830002 0.000000 4057.000000 -2907.000000 817.000000 959.000000 -2857.000000 4061.000000 
7.140000 18.340000 127.050003 -71.400002 -35.869999 0.000000 3494.000000 -2878.000000 919.000000 556.000000 -2781.000000 3643.000000 
7.500000 18.379999 126.790001 -71.480003 -36.009998 0.000000 3127.000000 -2792.000000 976.000000 -137.000000 -2691.000000 3158.000000 
7.800000 18.559999 126.610001 -71.389999 -36.169998 0.000000 2535.000000 -2768.000000 1126.000000 -389.000000 -2696.000000 2952.000000 
7.840000 18.730000 126.440002 -71.349998 -36.110001 0.000000 2409.000000 -2435.000000 893.000000 696.000000 -2398.000000 3120.000000 
7.780000 18.750000 126.199997 -71.580002 -36.389999 0.000000 2689.000000 -2291.000000 698.000000 559.000000 -2439.000000 2850.000000 
7.630000 18.410000 125.709999 -71.949997 -36.689999 0.000000 3044.000000 -2363.000000 634.000000 410.000000 -2693.000000 3112.000000 
6.850000 17.690001 125.230003 -71.559998 -36.410000 0.000000 4504.000000 -2926.000000 1637.000000 1484.000000 -3986.000000 5520.000000 
7.450000 17.900000 125.169998 -71.870003 -36.320000 0.000000 3237.000000 -2574.000000 613.000000 -326.000000 -2157.000000 2852.000000 
7.530000 17.910000 124.760002 -72.540001 -35.950001 0.000000 1690.000000 -1054.000000 -626.000000 822.000000 -2480.000000 3332.000000 
8.130000 17.950001 124.629997 -72.680000 -35.430000 0.000000 2425.000000 -2359.000000 580.000000 1200.000000 -2161.000000 3332.000000 
8.710000 18.030001 124.440002 -72.339996 -35.599998 0.000000 2943.000000 -2156.000000 746.000000 43.000000 -2299.000000 2847.000000 
9.130000 18.100000 124.180000 -71.849998 -35.450001 0.000000 2971.000000 -2352.000000 847.000000 519.000000 -2410.000000 3425.000000 
9.250000 18.410000 123.800003 -71.410004 -35.540001 0.000000 3074.000000 -2363.000000 812.000000 460.000000 -2454.000000 3263.000000 
9.460000 18.639999 123.470001 -70.839996 -35.630001 0.000000 2936.000000 -2480.000000 887.000000 298.000000 -2374.000000 3110.000000 
9.520000 18.860001 123.070000 -70.089996 -35.500000 0.000000 3133.000000 -2685.000000 1109.000000 200.000000 -2381.000000 3298.000000 
9.510000 19.160000 122.650002 -69.290001 -35.169998 0.000000 3651.000000 -2066.000000 1008.000000 112.000000 -2296.000000 3431.000000 
9.390000 19.740000 122.220001 -68.519997 -34.770000 0.000000 3058.000000 -1395.000000 650.000000 85.000000 -2283.000000 3591.000000 
8.510000 20.139999 121.620003 -68.230003 -35.450001 0.000000 3049.000000 -1813.000000 258.000000 643.000000 -4906.000000 6142.000000 
8.480000 20.510000 121.239998 -67.599998 -34.700001 0.000000 4469.000000 -3820.000000 1818.000000 166.000000 -2595.000000 4586.000000 
9.210000 19.889999 121.110001 -67.760002 -35.070000 0.000000 2784.000000 -2808.000000 949.000000 -284.000000 -2050.000000 2106.000000 
9.430000 19.530001 120.669998 -68.339996 -35.000000 0.000000 3646.000000 -2459.000000 669.000000 253.000000 -2426.000000 3262.000000 
9.270000 19.549999 120.180000 -68.889999 -35.200001 0.000000 3639.000000 -2424.000000 458.000000 1353.000000 -2716.000000 3319.000000 
9.150000 19.879999 119.709999 -68.669998 -35.869999 0.000000 3416.000000 -2870.000000 1009.000000 614.000000 -3019.000000 3410.000000 
9.210000 19.930000 119.260002 -68.570000 -36.459999 0.000000 3340.000000 -2774.000000 739.000000 -462.000000 -3243.000000 3043.000000 
9.220000 19.820000 118.820000 -68.589996 -37.099998 0.000000 3098.000000 -2569.000000 545.000000 -140.000000 -2973.000000 2906.000000 
9.110000 19.250000 118.339996 -68.230003 -37.730000 0.000000 3434.000000 -3135.000000 983.000000 633.000000 -2587.000000 2484.000000 
8.840000 18.660000 117.739998 -67.580002 -37.520000 0.000000 3795.000000 -1712.000000 307.000000 1905.000000 -2995.000000 4046.000000 
8.790000 17.850000 117.349998 -66.650002 -37.599998 0.000000 3036.000000 -3585.000000 1226.000000 843.000000 -2957.000000 3482.000000 
8.240000 17.209999 116.809998 -65.750000 -37.660000 0.000000 3060.000000 -3219.000000 849.000000 1524.000000 -3145.000000 3488.000000 
7.540000 16.840000 116.209999 -64.360001 -37.349998 0.000000 3285.000000 -3647.000000 1214.000000 1675.000000 -3491.000000 4540.000000 
6.860000 16.510000 115.489998 -62.310001 -36.700001 0.000000 3758.000000 -3941.000000 1738.000000 2110.000000 -3879.000000 5361.000000 
5.890000 16.430000 114.639999 -59.590000 -36.340000 0.000000 3763.000000 -4247.000000 1854.000000 1592.000000 -4123.000000 4519.000000 
5.000000 16.000000 113.800003 -56.310001 -35.860001 0.000000 5415.000000 -4196.000000 2752.000000 1533.000000 -3953.000000 3609.000000 
4.180000 15.700000 112.940002 -53.450001 -35.549999 0.000000 5873.000000 -3982.000000 2004.000000 1495.000000 -4168.000000 3292.000000 
3.350000 15.770000 112.169998 -50.610001 -35.540001 0.000000 6033.000000 -4021.000000 1725.000000 1159.000000 -4531.000000 3888.000000 
2.780000 16.090000 111.589996 -47.869999 -35.790001 0.000000 5955.000000 -4068.000000 1650.000000 1375.000000 -4895.000000 4785.000000 
2.530000 16.520000 111.239998 -45.360001 -36.060001 0.000000 5296.000000 -4110.000000 1363.000000 1742.000000 -4739.000000 4802.000000 
2.340000 17.059999 110.970001 -43.049999 -36.180000 0.000000 4217.000000 -4027.000000 1118.000000 2566.000000 -4336.000000 3965.000000 
2.080000 17.690001 110.639999 -40.939999 -36.349998 0.000000 3791.000000 -3904.000000 1278.000000 2645.000000 -3995.000000 3191.000000 
1.910000 18.290001 110.220001 -38.930000 -36.849998 0.000000 3930.000000 -4158.000000 1961.000000 1736.000000 -3869.000000 2725.000000 
1.850000 18.879999 109.739998 -36.959999 -37.570000 0.000000 3685.000000 -4055.000000 1974.000000 782.000000 -3935.000000 2617.000000 
1.770000 19.580000 109.260002 -35.020000 -38.310001 0.000000 2884.000000 -3631.000000 1384.000000 511.000000 -3974.000000 2731.000000 
1.570000 20.480000 108.860001 -33.230000 -39.029999 0.000000 2202.000000 -3146.000000 836.000000 618.000000 -3825.000000 2610.000000 
1.410000 21.379999 108.580002 -31.770000 -39.730000 0.000000 1692.000000 -2856.000000 690.000000 555.000000 -3663.000000 2256.000000 
1.410000 22.059999 108.430000 -30.709999 -40.400002 0.000000 1532.000000 -2732.000000 629.000000 456.000000 -3495.000000 1997.000000 
1.450000 22.549999 108.419998 -30.090000 -40.980000 0.000000 1603.000000 -2620.000000 563.000000 929.000000 -3160.000000 1765.000000 
1.410000 22.889999 108.430000 -29.799999 -41.410000 0.000000 1879.000000 -2262.000000 409.000000 1658.000000 -2730.000000 1516.000000 
1.410000 22.990000 108.360001 -29.780001 -41.860001 0.000000 2306.000000 -1904.000000 614.000000 1845.000000 -2439.000000 1808.000000 
1.610000 22.820000 108.129997 -30.000000 -42.430000 0.000000 2969.000000 -1859.000000 1118.000000 1539.000000 -2444.000000 2418.000000 
2.140000 22.530001 107.760002 -30.379999 -43.000000 0.000000 3086.000000 -1912.000000 1559.000000 857.000000 -2397.000000 2623.000000 
2.870000 22.240000 107.260002 -30.730000 -43.360001 0.000000 2674.000000 -1799.000000 1548.000000 315.000000 -2264.000000 2460.000000 
3.470000 22.180000 106.489998 -31.010000 -43.869999 0.000000 2215.000000 -1531.000000 1181.000000 281.000000 -2170.000000 2151.000000 
3.940000 22.480000 105.669998 -31.309999 -44.619999 0.000000 1655.000000 -1324.000000 768.000000 312.000000 -2202.000000 1777.000000 
4.320000 22.830000 104.870003 -31.780001 -45.459999 0.000000 1112.000000 -1347.000000 825.000000 -118.000000 -2280.000000 1407.000000 
4.620000 23.059999 104.089996 -32.230000 -46.160000 0.000000 1107.000000 -1448.000000 1173.000000 -736.000000 -2153.000000 1332.000000 
5.010000 23.320000 103.400002 -32.360001 -46.900002 0.000000 1901.000000 -1173.000000 1481.000000 -573.000000 -2056.000000 1553.000000 
5.650000 23.580000 102.800003 -32.259998 -46.779999 0.000000 2524.000000 -924.000000 1635.000000 -113.000000 -1896.000000 2083.000000 
6.660000 23.969999 102.389999 -32.080002 -46.950001 0.000000 3083.000000 -697.000000 1743.000000 385.000000 -1695.000000 2613.000000 
7.830000 24.500000 102.089996 -31.670000 -47.130001 0.000000 3098.000000 -547.000000 1923.000000 524.000000 -1591.000000 2881.000000 
9.060000 25.040001 101.760002 -31.040001 -47.169998 0.000000 2681.000000 -489.000000 1922.000000 107.000000 -1640.000000 2826.000000 
10.210000 25.549999 101.279999 -30.230000 -47.000000 0.000000 2064.000000 -409.000000 1646.000000 -424.000000 -1774.000000 2384.000000 
11.060000 26.129999 100.620003 -29.389999 -47.240002 0.000000 1500.000000 -452.000000 1470.000000 -1081.000000 -2008.000000 1973.000000 
11.570000 26.820000 99.860001 -28.820000 -47.619999 0.000000 1455.000000 -648.000000 1717.000000 -1505.000000 -2052.000000 1815.000000 
11.980000 27.559999 99.120003 -28.309999 -48.029999 0.000000 1837.000000 -698.000000 2071.000000 -1706.000000 -2141.000000 1849.000000 
12.490000 28.320000 98.480003 -27.740000 -48.180000 0.000000 2326.000000 -478.000000 2483.000000 -1713.000000 -2101.000000 2419.000000 
13.270000 29.049999 97.970001 -27.250000 -48.169998 0.000000 3003.000000 -411.000000 2857.000000 -1656.000000 -2259.000000 2876.000000 
14.190000 29.780001 97.500000 -26.570000 -48.060001 0.000000 3025.000000 -361.000000 3166.000000 -1705.000000 -2178.000000 3261.000000 
15.180000 30.480000 97.040001 -25.680000 -47.820000 0.000000 2879.000000 -216.000000 3161.000000 -1541.000000 -2065.000000 3387.000000 
16.200001 31.059999 96.529999 -24.680000 -47.410000 0.000000 2416.000000 -240.000000 3013.000000 -1646.000000 -1939.000000 3122.000000 
17.170000 31.500000 95.949997 -23.760000 -47.020000 0.000000 1683.000000 -268.000000 2924.000000 -1948.000000 -1997.000000 2589.000000 
17.930000 31.850000 95.230003 -22.930000 -47.130001 0.000000 1391.000000 -315.000000 2640.000000 -2493.000000 -2247.000000 1876.000000 
18.459999 32.180000 94.410004 -22.379999 -47.430000 0.000000 1872.000000 -604.000000 2922.000000 -2986.000000 -2444.000000 1806.000000 
18.980000 32.610001 93.680000 -22.160000 -47.889999 0.000000 2784.000000 -871.000000 3486.000000 -3282.000000 -2605.000000 2079.000000 
19.680000 33.150002 93.169998 -21.959999 -48.290001 0.000000 3282.000000 -794.000000 4192.000000 -3652.000000 -2648.000000 2843.000000 
20.620001 33.830002 92.910004 -21.700001 -48.360001 0.000000 3634.000000 -814.000000 4726.000000 -3343.000000 -2502.000000 3500.000000 
21.639999 34.619999 92.779999 -21.170000 -48.049999 0.000000 3308.000000 -689.000000 4969.000000 -2850.000000 -2326.000000 4008.000000 
22.540001 35.419998 92.660004 -20.260000 -47.490002 0.000000 2664.000000 -268.000000 4599.000000 -2149.000000 -2245.000000 4325.000000 
23.250000 36.139999 92.370003 -19.030001 -46.599998 0.000000 1895.000000 359.000000 3298.000000 -2176.000000 -2168.000000 3565.000000 
23.790001 36.700001 91.879997 -18.080000 -46.110001 0.000000 2450.000000 150.000000 3469.000000 -3008.000000 -2211.000000 2759.000000 
24.299999 37.090000 91.290001 -17.500000 -46.040001 0.000000 3208.000000 -197.000000 3781.000000 -3537.000000 -2375.000000 2406.000000 
24.959999 37.279999 90.769997 -17.020000 -46.160000 0.000000 3329.000000 -318.000000 4034.000000 -3519.000000 -2608.000000 2768.000000 
25.820000 37.389999 90.440002 -16.500000 -45.860001 0.000000 3393.000000 -340.000000 4312.000000 -3106.000000 -2614.000000 3332.000000 
26.870001 37.529999 90.279999 -15.860000 -45.299999 0.000000 3343.000000 -238.000000 4368.000000 -3094.000000 -2364.000000 3606.000000 
28.100000 37.720001 90.300003 -15.040000 -44.799999 0.000000 3013.000000 18.000000 4268.000000 -3235.000000 -2042.000000 3559.000000 
29.430000 37.980000 90.480003 -14.150000 -44.180000 0.000000 2619.000000 209.000000 4104.000000 -3264.000000 -1575.000000 3217.000000 
30.770000 38.270000 90.790001 -13.190000 -43.490002 0.000000 2323.000000 422.000000 3684.000000 -3099.000000 -1143.000000 2874.000000 
32.090000 38.509998 91.209999 -12.150000 -42.730000 0.000000 2082.000000 667.000000 3149.000000 -2871.000000 -878.000000 2869.000000 
33.340000 38.700001 91.709999 -11.160000 -41.939999 0.000000 2150.000000 620.000000 3087.000000 -2497.000000 -1027.000000 2848.000000 
34.459999 38.840000 92.239998 -10.250000 -41.189999 0.000000 2558.000000 592.000000 2924.000000 -2147.000000 -1102.000000 3019.000000 
35.529999 38.869999 92.800003 -9.400000 -40.540001 0.000000 2599.000000 551.000000 2811.000000 -1788.000000 -1143.000000 3083.000000 
36.540001 38.770000 93.330002 -8.630000 -40.000000 0.000000 2606.000000 540.000000 2727.000000 -1457.000000 -1262.000000 3153.000000 
37.369999 38.490002 93.730003 -8.020000 -39.750000 0.000000 2829.000000 448.000000 3178.000000 -1441.000000 -1841.000000 3360.000000 
37.430000 38.430000 93.870003 -7.970000 -40.770000 0.000000 4399.000000 -62.000000 4636.000000 -2755.000000 -3144.000000 3161.000000 
36.650002 38.470001 93.730003 -9.040000 -42.490002 0.000000 7545.000000 -1884.000000 6658.000000 -5142.000000 -5393.000000 3601.000000 
35.549999 38.330002 92.760002 -10.500000 -44.840000 0.000000 8338.000000 -3057.000000 7576.000000 -5610.000000 -6742.000000 5287.000000 
35.070000 37.060001 91.610001 -11.110000 -46.560001 0.000000 4923.000000 -2581.000000 5617.000000 -4795.000000 -6364.000000 6592.000000 
