1.19689358185298,-6.08806989589141,-41.4598327046085
1.69452263174274,-6.30440615790509,-41.5335702434065
2.20557666930253,-6.60436110090674,-41.5522911804356
2.83334066762933,-6.84068553806445,-41.6871112590783
3.485593961062,-7.05308073354381,-41.9208734332982
4.05409780983473,-7.26435145936014,-42.1199725928706
4.36827160227695,-7.29642655674305,-42.460958007206
4.63594876872889,-7.50239580339924,-42.6676591851837
4.70244137137734,-7.72597746321092,-42.7735709277896
4.80210504814002,-8.17476559784893,-42.6146116714438
4.8698062263842,-8.68188734684171,-42.3524566585647
5.38654694227102,-9.25734984232526,-42.4707772513689
6.17067597898963,-9.61517523000626,-42.8537342238493
6.73394936157689,-10.1408856857189,-42.8178576014917
7.04978462723351,-10.6719027120441,-42.6673083761273
7.44682519835233,-11.1639081942934,-42.648159908377
7.83080185069989,-11.5299088983006,-42.77691082894
8.08495673973346,-11.7870080821718,-43.006664535367
8.11662224406223,-11.9814155244864,-43.3127365245773
7.90868491183163,-12.1913725912334,-43.5392091315472
7.61202143035963,-12.4855122417646,-43.6417430705836
7.43905045851334,-12.9824331139921,-43.5051683501002
7.39635296665091,-13.6447520840185,-43.1618591049264
7.45976981049423,-14.2979021404886,-42.8399174998101
7.45962701233758,-14.8535727634941,-42.5046704863982
7.38501205971741,-15.2012355113939,-42.4345019110436
7.15595724912315,-15.1675336272774,-42.8661378743822
7.00262809801387,-14.6979586539947,-44.0912875312336
7.16951978947333,-14.1010055867761,-45.7369458552315
7.40395219951051,-13.7222592687154,-47.043519489744
7.50585064533422,-13.682376572477,-47.7245838316403
7.40755692590519,-13.817456102431,-48.0165848906755
7.1268494568291,-13.9212696889403,-48.2395052057577
6.71915453011097,-13.6487170362169,-48.928315886451
6.37272874148978,-12.9190245858256,-50.2758814769171
6.07425529357899,-11.9651441343186,-51.8827284714842
5.7508711696526,-11.0717023501328,-53.1944353465846
5.61293915529833,-10.3594790156056,-54.2019118961158
5.81411112511869,-9.86877257129563,-55.0859190363791
6.09466408940836,-9.38744278788428,-56.0023668713025
6.15070901382763,-8.70931026059059,-57.2162981930918
5.77072435436021,-7.90309083152008,-58.3254988180374
5.0452194866211,-7.08290733066647,-59.2734339130463
4.24201028487288,-6.24754114712752,-60.1144582248898
3.50473399775536,-5.40808895866975,-60.7943118760657
2.91144645423114,-4.66871503941759,-61.3928240970231
2.47842313056674,-4.10684365565428,-61.7925288092254
2.17272620607246,-3.79200345854897,-61.9588510721051
1.91433457851674,-3.48930337550168,-62.2116592881325
1.3121098897961,-2.94552744728339,-62.552596006694
0.466911538827266,-2.31969617622514,-62.8424449858881
-0.508992515544794,-1.70652914059713,-63.0723267646331
-1.48809552003094,-1.11826790285855,-63.2007125002629
-2.41205265828019,-0.67230961899316,-63.1842636273822
-2.80542399038501,-0.382274541996444,-63.1520116199924
-2.82025699891602,-0.270228234995906,-63.1636807087127
-2.68309651152564,-0.360433315832033,-63.1327144999508
-2.67126318183474,-0.466191076202392,-63.0566342830458
-3.00365752255653,-0.464506529925186,-62.921782472213
-3.85914293444148,-0.266432951870476,-62.7191797309992
-4.86755730903452,-0.0551123518552483,-62.472028586407
-5.66618169120163,0.0842500297992109,-62.1793652616455
-6.05557060624421,0.206850574251152,-61.9853230338431
-5.95963461188463,0.1718812650878,-61.8228730040326
-5.69172327545555,-0.133785662418917,-61.5352951576264
-5.47220735603782,-0.686725358644122,-61.1697637876974
-5.31366463464992,-1.28102434827374,-60.792055395497
-5.52658080946182,-1.83967175142704,-60.2620080511829
-6.33760242484776,-2.29814342983856,-59.6290692794876
-7.12521230797355,-2.71838064273376,-59.0318088907271
-7.70356293521508,-3.12725594328856,-58.4815903987845
-7.81486735789352,-3.40945331615,-58.0137306429965
-7.6039213187926,-3.57740115121047,-57.730054498887
-7.25861357281079,-3.75166198598353,-57.494801919996
-7.11068441864785,-4.20879168155622,-57.031124338979
-7.21850235209911,-4.79655182412606,-56.3931520575997
-6.97986522797588,-5.21449418487628,-55.8252757303247
-6.6318017247682,-5.2897909209835,-55.5347221119399
-6.71058257061146,-5.23826650280359,-55.2104473363695
-6.86312495633815,-5.41082510621657,-54.7111608698188
-6.44237760915917,-5.14823115684382,-54.7246563281921
-6.12597273729935,-4.84746705725462,-54.7798182597304
-5.69549429922727,-5.21148690244108,-54.2078049907795
-4.64959808204196,-5.65321990300136,-53.7934985329137
-3.97646322502972,-6.23677468254371,-53.189891256315
-3.5283685436909,-6.64599520167631,-52.6740232335216
-2.79170697304513,-6.86546255106656,-52.3427037879396
-2.16377335342146,-7.14208646348018,-51.9428715812213
-1.47212797963581,-7.08795303871822,-51.8997366867852
-1.13815631426664,-6.82405682855264,-52.1004690398588
-0.977266609529472,-6.97189528098783,-51.865812336298
-1.19743110096657,-7.42481429807355,-51.3312570273469
-1.3700118967635,-7.88691268283408,-50.8455076673971
-1.24457523681152,-8.41098828635292,-50.2248850262085
-0.910122237446092,-8.9257664042706,-49.5729475363646
-0.589536927233006,-9.24651605488562,-49.0897425666424
-0.223148122590215,-9.52837230696613,-48.563365342356
-0.163914814750413,-9.35662428914628,-48.4257954376972
0.109560389305424,-9.10929210444839,-48.487200304275
0.190591062180019,-9.36061990796744,-48.0888345482062
0.29000854180808,-9.70864224982662,-47.6483450879946
0.269766557391065,-10.1126909016568,-47.1293278858886
0.301224936880484,-10.4363984102255,-46.5919626813732
-0.290886199083499,-10.3871057737989,-46.3969882171166
-0.934735699827896,-10.2223815110709,-46.3258518837834
-1.36715772550502,-10.0569865797311,-46.1953674073709
-1.83825041469755,-9.79286943131747,-46.2280010156462
-1.85239276824615,-9.85976165231859,-45.9297773156396
-1.66070868383695,-9.69603391477042,-45.7783913776243
-1.65735737172496,-8.99609947867774,-46.1444543282006
-1.19444297693731,-8.55505836752988,-46.1760984714822
-0.695248935899056,-8.05909912305328,-46.4283666968542
-0.277898663940363,-7.58144421305766,-46.6729277338966
-0.025507873688181,-7.1917286846099,-46.823848792166
-0.0952177066709409,-6.97498686236125,-46.8847806446107
-0.0683418336529262,-6.82564948660888,-46.8346662688582
-0.128380014121393,-6.77218395804253,-46.5266531738579
0.0741789648768725,-6.28386661801399,-46.7269950395105
0.482899236450736,-5.56921337744552,-47.1319650770423
1.00766254459079,-4.89993054116747,-47.6610028576152
1.5209683312734,-4.39291789457598,-48.11828586643
1.8044741399017,-4.0914290422606,-48.4845865541071
1.77093626538419,-3.87177289395672,-48.6765619371363
1.81144164447019,-3.71305475038547,-48.6664846324111
1.90657773144596,-3.49304856001101,-48.6631068585045
1.98712607231263,-3.21451011991494,-48.7806644339334
1.98441139497692,-2.94220818726454,-48.8007013417371
2.20705817595863,-2.51548220348522,-49.1343232039046
2.68814069953084,-1.95799795845731,-49.8259285667494
3.47340004189887,-1.2348507434727,-51.0767495081521
4.34498729654845,-0.51219492730203,-52.6406641012128
5.23918365499451,0.155180109184677,-54.4471492900557
6.09934453630421,0.572827851989767,-55.9654870652154
6.82601272500847,0.628648469701551,-56.7776308688397
7.2946686603095,0.395008585968629,-56.8526761512783
7.7004203165063,0.0274186521932455,-56.6732818959037
8.29938242225082,-0.316794437369716,-56.8136171223735
8.82072477275723,-0.595348957644085,-57.5394617474972
9.13598487813951,-0.904822250978745,-58.4876384087219
9.52517196275242,-1.23253650127108,-60.3606712304468
10.2512594907643,-1.66616865006465,-64.151930519594
11.0647183306764,-2.49005202439517,-69.6070549486659
11.6895440206621,-3.84493354868873,-77.2588672363562
11.7566826139498,-5.88625263329967,-87.9191951589185
10.6614165213046,-8.42527659831433,-101.615186615012
5.72941028974505,-18.0847447752858,-139.768005012354
-3.25167106130463,-18.1788167203406,-166.91129089122
-13.6353256572911,-13.7141322470672,154.59399734506
-19.3332767748082,-4.05110115282799,120.185310995676
-19.6529677224348,5.76457518455456,93.8752117014092
-17.1521884906352,12.8737046487047,74.4002035393846
-13.6466608910961,17.4644486256265,59.902686219486
-9.95768749199358,20.3604571963222,48.7884734456062
-6.372872985373,22.15660269778,40.0248163737318
-3.19746405487535,23.2650627894044,33.4688224294159
-0.58666580868921,23.8838422825976,28.6498819366751
1.5889221456822,24.1232870073035,24.7956194242246
3.53216964038339,24.1033736737598,21.4730972001714
5.40932702528402,23.9589794484139,18.5470562212264
7.14136628966067,23.6463855723713,16.0173814697399
8.76766266637143,23.2019431319717,13.8111066738562
10.2603655423932,22.537018474471,11.7600547992948
11.6704679149498,21.7882774828981,9.89227902803908
12.9437686941916,21.0629123817143,8.41714449880466
13.8812451602526,20.3383381319683,7.41372115159416
14.4828634018445,19.6011205425673,6.73474721034252
14.8799840748375,18.8005864131142,6.19063811357559
15.2319877074065,17.913102087828,5.65224705673263
15.5074595459414,16.983593166445,5.15200188456988
15.6857443986226,16.0181536944935,4.58938941849544
16.0012122194121,15.2311902523116,4.11213885698735
16.6148355403483,14.7179061631305,3.68803535652657
17.2910484375263,14.2565248268976,3.42902668850311
17.667506657072,13.7955000151443,3.44553283616572
17.7587138713119,13.2669539155133,3.61166287645949
17.759140213481,12.7596495422481,3.93320363921414
17.7643057830344,12.2886424458644,4.28554098836212
17.8355285148976,11.7879971258564,4.60971060933347
18.0561596599198,11.163916226213,4.84178920697756
18.3553924779054,10.612231254001,5.04817876683972
18.4617635392203,10.1329851518854,5.39082839428402
18.410689193395,9.65843996293387,5.83828675160531
18.3044644749667,9.11610806222894,6.32286455458436
18.4053834118925,8.54197172936162,6.81174187969112
18.6561264748912,7.99964357702022,7.22536692915757
18.8002326743039,7.44269203373997,7.69876892096305
18.8722568741986,6.97993305054302,8.14984307502514
18.8457169882555,6.61662691407341,8.54979952723079
18.7780944740588,6.37342582002925,8.91213944723494
18.7378012927908,6.20157834909565,9.21065586629093
18.7664202333639,6.0632603966056,9.56395321404474
18.9093171376801,5.82864656614539,9.82796461939432
19.1303874528972,5.56427020753828,10.1362087843259
19.4952284259295,5.30411897880151,10.4337942465762
19.8204475095339,5.01839943050734,10.748800682684
20.1481926291355,4.7878982860676,11.0030249192233
20.334670145528,4.59950171548666,11.3393322398425
20.3304225022686,4.44286759063678,11.6330988709081
20.3067741395393,4.36659255689952,11.9607516102621
20.3517536997419,4.29463586076436,12.3149737033493
20.4941354882607,4.13726393255881,12.5787636024902
20.6649103874763,3.9399695587552,12.8498223776756
20.7750929445611,3.74907581025083,13.2567047891891
20.8280323068397,3.60617888791699,13.5609319257906
20.8920759260517,3.50587932799989,13.8392926841092
21.0188967394196,3.43587202588702,14.091825228162
21.1469538816527,3.43191056827015,14.333771205454
21.254284883475,3.44575362157129,14.6031573836736
21.37272697057,3.45219439740576,14.7839166814776
21.4695443179515,3.42106063349846,15.0164475531587
21.4566125071611,3.404061086699,15.2351603144615
21.4233401186967,3.4142902911977,15.4287812838818
21.4296779783024,3.38976875201934,15.6238108075526
21.5349990926836,3.30936994461756,15.8623658172196
21.6501802648922,3.21836275136003,16.0491004273734
21.8366993423595,3.14111840723028,16.2695588574858
21.9736884764718,3.09886741787136,16.5176749045958
22.062373906667,3.13092878060593,16.7274841979726
22.1010857778578,3.18811084910216,16.9861873946163
22.0903813373281,3.28953220183504,17.1295790572673
22.0794117200845,3.3443247945836,17.3112275943361
22.0969130135573,3.3258929427251,17.4934328515186
22.1238199212975,3.24069433065345,17.7250486550689
22.2304363749938,3.09661555832031,17.9320909628788
22.3781386335076,3.02743245405332,18.182997888411
22.5368622851776,2.97398583193383,18.2731035773561
22.6262890943863,2.98897616471827,18.4243681592439
22.6971815760905,3.07677606330252,18.4932180390855
22.727680056338,3.15613763120044,18.5966888288905
22.7672901558,3.20596939491513,18.685501596734
22.8252927062741,3.22004876843001,18.8590727530213
22.8949040491255,3.24543530971622,18.9589544722414
22.9737028161918,3.24138585268935,19.0542657699912
23.0116377148547,3.20933073660102,19.148547931992
22.9802981202552,3.23184689074317,19.2864915442508
22.9995047219187,3.27264831014792,19.3782112825795
23.0492145788613,3.33222555895806,19.4247733349631
23.110187574311,3.44025798957735,19.549894909489
23.1688876858203,3.46022381257804,19.6012245606129
23.187310456915,3.44827950140157,19.682519913296
23.1751471995716,3.44106438430684,19.8348509333895
23.1639491040598,3.47261695705109,19.9089992357181
23.162122335177,3.50821521460747,19.9737268140483
23.1310979963358,3.58353881241358,20.0528829432338
23.0997669347716,3.6490495930865,20.114223642606
23.0882022036643,3.70426281541858,20.1757292559903
23.1166537990757,3.75872281905124,20.2746818903811
23.1657038651646,3.80897575706772,20.3830642811946
23.2147194635955,3.85922250651319,20.4714039976363
23.2136586454693,3.87703560913555,20.5385264963478
23.2408213065452,3.84008193231175,20.6155920710288
23.2378059242664,3.82672456454169,20.7477707458037
23.2447432884967,3.77017467034374,20.8374778335032
23.2616799755495,3.74673259490326,20.9403974241426
23.2898320873531,3.71553264673607,21.0156167975605
23.2778573954683,3.71788985534312,21.0859095631532
23.2759049863379,3.76319528181015,21.177992812822
23.303467398408,3.82203429543121,21.2766452975562
23.3013660105887,3.86749794855969,21.3001359891377
23.3089555601548,3.89344993815582,21.3469874491206
23.3266726116267,3.87630874968123,21.4406235938785
23.4345032803433,3.84823617260907,21.4795261016542
23.493272299127,3.84593826111317,21.5559231211143
23.5614527205665,3.84743169011641,21.580828380499
23.5597439752525,3.86892988497719,21.5956776670412
23.5579775205423,3.89071744119575,21.6118590152094
23.5461948012158,3.91246223609763,21.6380632397847
23.5246912346635,3.96339306901661,21.6588526620646
23.5529351815086,3.98497159063439,21.702992181438
23.5609233323299,3.98726222587149,21.7225772133032
23.5593436729822,3.9663507326321,21.7777384884269
23.6180124008313,3.95488173709719,21.8967213885784
23.6361596880985,3.96683547606912,21.9628899573632
23.6945372684862,3.99799608835742,21.98282907404
23.7333548080029,4.00587818226607,22.0383889347929
23.7622992810934,4.03332958917426,22.1205035569904
23.8018820050578,4.05664908394267,22.1233916600328
23.7591169058613,4.06337115426902,22.2149873267292
23.6767938686862,4.05682461337408,22.323663903783
23.6542585962853,4.09233672123138,22.377713268453
23.7117385693038,4.09847225409679,22.4122000246719
23.8205645660014,4.08713477461047,22.4381747768938
23.8989187254617,4.13826257664628,22.4636667636068
23.8969818194815,4.18983593111063,22.486280614011
23.8851063047253,4.29998722594085,22.4501572165682
23.8308243839388,4.42269461428479,22.4571671420103
23.7861841677499,4.53635251531203,22.459700145252
23.6995141142829,4.64897064525043,22.4610403536594
23.6614957884433,4.84491266305968,22.4534214249695
23.6687847550305,5.18548583078219,22.3736271060133
23.6566048990859,5.68250251745904,22.2429939321901
23.6497709280334,6.39782992950705,22.0624693034159
23.5595644613739,7.30623722665629,21.8457674326521
23.3913723922766,8.37155303280277,21.5905960129829
23.1502088968004,9.48231161450327,21.4041552770257
22.914162580788,10.4973688534441,21.3223666131729
22.6859856329873,11.4564233093174,21.2182280846792
22.3634285448242,12.4019796586191,21.2073081364741
21.8765959432569,13.4431701490485,21.3872868267897
21.2363090572609,14.5876395304778,21.772926781827
20.5112605235337,15.8647922490181,22.4516751054426
19.6816732147189,17.209273704588,23.3752931334481
18.7252523142886,18.5639940889752,24.5205901671002
17.6071452249496,19.9220472911641,25.8819638074634
16.3460275191098,21.2845384312706,27.6041074719316
15.0404581203706,22.4818146317574,29.5377677738093
13.5590335194899,23.5210988123784,31.6027741425781
11.8821665515232,24.3828908335099,33.8790477773563
9.95808261292379,25.1601427613699,36.5471412504539
7.72583236185321,25.9407297007378,39.8900595801096
5.12218188503283,26.6988544886356,44.0876547722715
2.09723634152497,27.3624736666881,49.2540189339916
-1.4514886409327,27.7844781049466,55.50497048719
-5.49023057185397,27.8126562862766,62.8748363756126
-10.0147764547826,27.3162950745075,71.4410696543318
-14.789181838353,26.0966221862804,81.0359185042417
-19.4182234241167,23.9333220276478,91.2935936712663
-23.5346518867394,20.5758850975417,101.896771232739
-26.8624246604795,15.7632438542898,112.909248469622
-29.1595196290774,9.46287133055216,124.642012752676
-30.031217400606,1.92107524071414,137.184871258253
-29.1832936449406,-6.2869728255258,151.052337845104
-26.2770518923449,-14.1119968828198,166.66461021681
-20.9469233069569,-20.5643205728258,-175.596335101442
-13.3918619502874,-24.7649303582321,-156.311376872063
-4.73349514854004,-26.625974750892,-136.709065938979
3.50606765046639,-26.5667203977356,-118.42881984387
10.3093817844416,-25.2081034308052,-102.207465165271
15.3290251617006,-23.106083677984,-88.5220525720212
18.9203401516443,-20.7382121468517,-76.7922439730891
21.5031528326748,-18.499756942253,-65.8530335067936
23.8686491883566,-16.4127692732529,-48.8326577615326
25.5680501235086,-9.61715158427223,159.736511844285
21.8897449751073,-8.65789863872162,-82.1944947973944
22.3345050389931,-7.70018332437227,-69.1235295762974
22.6390896864469,-6.66754057811335,-60.5430035882063
22.6371628079529,-5.7483910807723,-53.6034358552244
22.2651872897082,-4.97899235967125,-47.268580959086
21.8477435010637,-4.35783446219715,-43.1440002972906
21.4245144158764,-3.71136128623575,-41.4757878154387
21.0483624292503,-3.10438136127658,-40.6573558956394
20.7174437644291,-2.58226512427059,-40.0574777799628
20.4330572924775,-2.26038005915171,-38.8698717968628
20.2801867196699,-2.18555639357237,-37.0332169945114
20.0982822796319,-2.26654331823983,-34.9991416944349
19.6136728038053,-2.44680953213095,-32.857573306048
18.9399513592748,-2.65199012272945,-31.1742721759176
18.0161299401636,-2.84777284064105,-29.8716921664596
17.1364638261303,-2.91959257935033,-29.4084819572825
16.2489065513307,-2.95969807620866,-29.2849669902958
15.4090042267396,-2.98261906192275,-29.42788192052
14.5982841985311,-3.0542132633374,-29.5891883161639
13.9383319789677,-3.16623096736244,-29.797345047417
13.6833692697345,-3.28115828548235,-30.0834964170823
13.5497935324579,-3.38320336412232,-30.371149118609
13.238713036146,-3.43992635661792,-30.8368632863506
12.8304477578084,-3.5636597587085,-31.2080776241344
12.5171264486829,-3.7978832429119,-31.3452335306619
12.1083311321254,-4.01605231320984,-31.4718117245806
11.6592116740957,-4.03326694086349,-31.958938581195
11.4668640795554,-4.18920484508439,-32.2164361998702
11.3519473708158,-4.49188026352741,-32.2473327670559
11.2060720317186,-4.93657742987226,-32.1115995110108
10.6206335919289,-5.40430827414549,-31.849976331888
9.80709154455653,-5.79699563740807,-31.7490300889403
9.04510738760911,-6.20337178619098,-31.5691077618503
8.58622575952638,-6.40299369027882,-31.6840564554645
8.76817631179938,-6.41743349203719,-31.8180753969365
9.24622575955309,-6.40985103608109,-31.9745881428546
9.84090677967031,-6.44038800549188,-32.107525462654
10.275441197966,-6.63446957756746,-32.0903750058442
10.0897646895656,-7.183462306942,-31.7596464501802
9.42932896499992,-7.82467499238059,-31.3392029416484
8.45183689650204,-8.33935417395649,-31.0480005149714
7.46288466390716,-8.65254492815292,-30.9933554820022
6.86511632271906,-8.85841576924826,-30.9490611649479
6.63739738900686,-8.92560967122288,-31.0151995575472
6.91456930876246,-8.75148378870018,-31.2590431623164
7.39935763360359,-8.58144982942009,-31.4497027883003
7.83032527177743,-8.40522045774968,-31.6924559682312
7.97488823359261,-8.47035572730653,-31.7741600257396
7.71724413860382,-8.70869002566734,-31.683149328754
7.6548584004125,-8.52207794978723,-32.0807707265097
8.03309058893939,-8.43073251655444,-32.2995935753483
8.17052384928578,-8.30899340893527,-32.5737863975005
7.31163753021699,-8.36224939095455,-32.8866867098356
6.85691067654681,-8.54145174713663,-32.8914336035426
6.72925174259272,-8.83348194927369,-32.7139053526628
6.68303964314981,-8.80147254391114,-32.8395651964688
5.84647627877901,-8.90915153376022,-32.9460255987636
4.85683780929651,-8.89021965427702,-33.1802317250503
4.3868253661198,-8.89203126403341,-33.2538031318717
4.79642265898937,-9.13840447488788,-33.0442357389323
4.89338492991635,-9.34977366678502,-32.9009561808832
4.27524713384907,-9.49600749605393,-32.9159944629491
3.8950126867396,-9.47947332317713,-33.0631753810097
3.88236430907208,-9.47675796156735,-33.1451816146951
3.88690350127326,-9.44038638126381,-33.2051854161441
3.79775343395903,-9.38144051445087,-33.3442072758484
3.55402533021264,-9.26277746210245,-33.5213425126667
3.07016649448531,-9.15506939429027,-33.7644874040317
2.442985962568,-8.96365065166897,-34.0325040305614
1.97144149975216,-8.83760929196498,-34.2315292832379
1.69623394115298,-8.34920774661002,-34.5231669693192
1.54660709540628,-7.65608897167898,-35.0861648203372
1.23676131877365,-6.90500263912191,-35.7054144179269
1.08896431120722,-6.09877445483834,-36.326215168642
0.701383304033648,-5.22722991662438,-36.91122376281
0.209829044000776,-4.36609656034071,-37.65398543141
-0.582958260771207,-3.68627317109715,-38.2710936541595
-1.33985243791882,-3.02893882597484,-38.7727496858557
-1.83492296009795,-2.31512386183399,-39.2382895389986
-2.06273039563512,-1.63713867810526,-39.6963863143114
-1.97091363610479,-1.10302772123508,-40.0020973177884
-1.90021650644197,-0.774413200488563,-40.2048089276261
-1.7523366149473,-0.724611639396124,-40.144286779594
-1.69121974007558,-0.730818224761395,-39.9583741305766
-1.37744127810344,-0.469644755100446,-39.9528604158662
-0.234660852333085,-0.318325872191372,-39.7453957993126
1.20130772125649,-0.561260795777998,-39.2875693630434
2.6353575924336,-1.20127778714556,-38.5135665472147
3.63787809242455,-2.01422999876646,-37.407489368827
4.05002101297063,-2.72000214156662,-36.1422593853352
4.00414824450582,-3.20261773894127,-34.8693352029103
4.04798572496763,-3.382756938879,-33.6995314884801
4.71708306187308,-3.55682788264382,-32.6316800049243
5.76340162009627,-4.06659108273562,-31.0851346245779
6.94393983250994,-4.73130898633432,-29.4782852082453
8.02929518646986,-5.46282714233695,-27.9990371292998
8.80844696557487,-6.27983098732911,-26.5521307168548
9.27297085687177,-7.1164212974573,-25.1366691697036
9.54696830264663,-7.80873768155488,-23.8674848770183
9.81957657744591,-8.29151087648672,-22.8088529275923
10.1746129211708,-8.66117493893199,-21.8554556163524
10.598206669133,-9.13420141020505,-20.6290243841085
11.0594880726019,-9.79544771912737,-19.0256782773409
11.5215715982467,-10.5845621320337,-17.245749639381
11.8283518200554,-11.536677217698,-15.3107435186609
11.9196452222408,-12.5959994903584,-13.4322565472427
11.8304322171031,-13.4984202835018,-11.9387824444097
11.6822487432422,-14.0680789707772,-11.0528203105049
11.5500746297938,-14.4059081848942,-10.5242487470829
11.4598365291985,-14.6036831614216,-10.1295812802499
11.4417834552742,-14.8337000943853,-9.60991837471234
11.4664175036664,-15.1341643325564,-8.78155159978211
11.618869275619,-15.5067003032882,-7.73760258575575
11.8689302692178,-15.9804844021128,-6.54888416785851
12.1667773645623,-16.5603949562719,-5.28799159568149
12.5022607241246,-17.1250968704685,-4.13813152340657
12.8382117056138,-17.4721838106617,-3.49205073780351
13.0291735992836,-17.5639436792692,-3.47689618571185
12.9742551459618,-17.5178428145375,-3.8140119728591
12.7626342386484,-17.4696474623728,-4.16214701906453
12.4925457242791,-17.4222183187612,-4.43789638397698
12.1924141231659,-17.407405862159,-4.59424205771571
11.9325130518361,-17.4313461850647,-4.68777215518495
11.6066357969314,-17.4433038056813,-4.87133159162571
11.1614339844464,-17.429596275925,-5.13459794499219
10.8088024777714,-17.4334099699933,-5.4266941902927
10.5925476319052,-17.5381653500597,-5.53025916703418
10.5101618127553,-17.5491852183267,-5.63744749674804
10.5592369872103,-17.3179329462123,-6.05876342137813
10.7074237032152,-16.9190464254164,-6.64910701563974
10.8845956815199,-16.4513690471284,-7.38147981340186
11.0690588618533,-15.8809884064377,-8.40594491470937
11.0682293695816,-15.3060574217623,-9.55699463838817
10.8999305224305,-14.7855577635106,-10.6635407149601
10.5760384782524,-14.3516025232395,-11.7026082547881
10.124990236274,-14.0631597668606,-12.5401692435665
9.51238117908223,-13.8885887560965,-13.1432790419216
8.66885628986485,-13.5184052300285,-13.9952323397646
7.74998386456394,-12.7678602160504,-15.3029409364864
6.96397264241103,-11.8184378219643,-16.8988614903397
6.43223971548056,-10.7709125021627,-18.4942762498048
6.0237893585601,-9.73082722549871,-20.0067457263687
5.69539437828675,-8.86068263739356,-21.3255758175953
5.27534399236871,-8.09306940718881,-22.5365021256066
4.68616516066669,-7.51180361592067,-23.4868400272522
4.12135223059131,-7.11162627111519,-24.0600658026054
3.5855450000963,-6.8003180611373,-24.5002532901587
3.07581571390762,-6.43882967678503,-24.8842554896748
2.64757150541605,-6.01771651089146,-25.3446423547158
2.2941545134462,-5.56245160313601,-25.8380460929666
2.06184473702097,-5.1961011278395,-26.321363073759
1.96307489758067,-5.0491717285342,-26.6539778045439
1.92518676086608,-5.11718256098299,-26.7300825968226
1.87508174038365,-5.22474574093473,-26.7093854466267
1.78067790844629,-5.27176373666377,-26.7244882243942
1.62939706613066,-5.22857296219934,-26.8329319047971
4.02465831669869,-7.28174685295646,-35.8922999209302
3.76512069362747,-6.73770007145968,-36.376812260736
3.26194031266348,-6.25066992260916,-36.853362748694
2.58237540176397,-5.7975042930634,-37.3146526008484
1.8146766788006,-5.25263111908411,-37.9010404492752
0.577002077509722,-4.79884940873229,-38.3402990720297
-0.416822187594355,-3.74565342647314,-39.2961697687046
-1.31385954694944,-2.54846852464985,-40.3593400097534
-1.9069433854661,-1.48958587064019,-41.253814552925
-2.13168041120838,-0.651418393363757,-41.9047384951091
-1.83294425965164,-0.00475361596271098,-42.4240350991898
-1.44407552494611,0.604051420367541,-42.7907910953502
-1.39300997848581,1.20354451052151,-43.1082338658267
-1.5318443627559,1.65970427882803,-43.2751072806597
-1.58307965597696,1.98842953231756,-43.2001865828542
-1.53952110371019,2.10908605872447,-43.0718977431926
-1.0578680635465,1.75462607014668,-42.5619924659044
-0.310702905793048,1.08718381663293,-41.7927144240668
0.53043990320726,0.455466856005563,-40.9429075031924
1.42998015332717,-0.112695805490812,-40.0205954918544
2.24942872510078,-0.66528607942042,-39.0333475338805
3.17969604153692,-1.38301271930649,-37.9095661679828
4.00498216820041,-2.37503502542629,-36.4612181932234
4.70701143629326,-3.58235941333217,-34.6695342726554
5.25807882813941,-4.86375413959158,-32.6523626522688
5.74068832563319,-5.9787091655421,-30.6067921129535
6.45103316879842,-6.66956662224012,-28.8186737993168
7.37176075796515,-6.98860899459661,-27.4421284250451
8.3133436366838,-7.21085383619047,-26.4277685047024
9.17602138161673,-7.5906317308604,-25.5119884947621
9.85348894316321,-8.27343703548946,-24.4283664462669
10.3102624073834,-9.15945870475094,-23.0325622485449
10.5971636861976,-10.1412462030769,-21.3644216278058
10.6595624869472,-11.0733466066669,-19.5689013525178
10.6499020902055,-11.8136980451041,-17.9344292712636
10.7445703687598,-12.219005863701,-16.734937104724
11.0645137773155,-12.3667024542638,-16.1272831059787
11.4942030366306,-12.5712879841836,-15.7572673630091
11.8704317518062,-12.9472038920241,-15.3714773967973
12.1311287037904,-13.5261915542774,-14.8366970564336
12.2009996281435,-14.2411283435461,-14.0438697148958
12.1763623821561,-15.0238301657377,-12.9377046034261
12.1439467063281,-15.7270626375584,-11.6638326821613
12.1258314138157,-16.2168426046211,-10.4202172444855
12.286614457396,-16.4603446031836,-9.48904476026621
12.61528440061,-16.3874214723137,-9.14580391144502
13.0005995944376,-16.1111861617325,-9.51317136111461
13.1317948230169,-16.0711545801698,-9.89025388127241
12.870051341584,-16.4717520648865,-9.80269740438088
12.5887585913649,-17.0276686168897,-9.50778513900645
12.2434768854314,-17.5136782714234,-9.21110581486827
11.8375658951634,-17.8083410110154,-9.06699538066816
11.3915287443023,-18.030440873094,-8.99915843896505
11.0259875948545,-18.2120291349576,-8.80675203964528
10.8903142154827,-18.1856386545311,-8.77414404220007
11.0899986193896,-17.8668840396364,-9.13508684354679
11.3423776373907,-17.4595575216125,-9.85425552720378
11.3403184654035,-17.2728079908121,-10.5346076100915
10.8913402891384,-17.5869673867566,-10.6884441905194
10.3882680619713,-17.8862566299359,-10.7503584396027
9.86477266850588,-18.0243910694103,-10.827868445787
9.33102492496774,-17.9898640457873,-11.1218078133152
8.81611517857214,-18.0313403392889,-11.3372347150557
8.51571261417059,-18.2621708681642,-11.0439702848337
8.3825557993173,-18.0233048631933,-11.0673256592903
8.40266149525429,-17.7523136729544,-11.3570700552256
8.63949304246076,-18.003980196729,-11.0834661793962
8.89580972686666,-18.1834323527822,-10.9596856277056
9.04275217599867,-18.3416321436033,-10.9784763254316
8.9195050996736,-18.5404753935671,-11.0238399778911
8.56906233022981,-18.7696635855114,-11.0472324797275
8.0850000390449,-18.8816590239478,-11.1214712580572
7.6230780091351,-18.7704320544293,-11.3841391702881
7.23844493174279,-18.3990318222761,-11.7623698566725
6.99385975968366,-17.8966052463343,-12.3386713299938
6.85472911824191,-17.3198485407084,-13.1303995113513
6.80950856091188,-16.726746334378,-14.0354976555166
6.77880844744157,-16.2146265321442,-14.9613725649817
6.5946701281673,-15.8690291973999,-15.6839665832261
6.28340010110459,-15.6456810764414,-16.2984123261991
5.85529897547252,-15.4539259473139,-16.7313742431904
5.42980042790596,-15.1457698088146,-17.2327547265955
4.96246470152262,-14.6720474165058,-17.8430323487852
4.57248027279405,-14.0140796999984,-18.5563497057741
4.32494247179437,-13.3650701995011,-19.2625355302676
4.17794570424579,-12.7943958369353,-19.8440135574585
4.11533060111746,-12.2753330895307,-20.4558685092349
4.05760707647971,-11.8810497921902,-20.9533040398104
3.9570295515942,-11.6737694529406,-21.3337587213494
3.79349987431246,-11.5446454567454,-21.5460138272469
3.5757236164652,-11.3517909378944,-21.7854014770678
3.33644848150125,-11.1294302663996,-22.0492654226046
3.05386097404224,-10.9028803847026,-22.2806125051421
2.75229719152162,-10.6773958633334,-22.549975432654
2.48806730250148,-10.4346674834141,-22.8381470190753
2.36074295783547,-10.1660838611539,-23.0974434953514
2.31049333891993,-9.81127625171222,-23.5003138314564
2.32531986070997,-9.32749223830525,-24.0482097240718
2.31066584970064,-8.85107551463831,-24.5307752429592
2.25415172420127,-8.46600308848337,-24.9606016222859
2.13645263715458,-8.18070835912665,-25.2801854488382
1.9004142927841,-7.86561122690964,-25.6871567823344
1.602831196939,-7.70596725716279,-25.8751385655409
1.51736872885639,-7.61896201695353,-25.9653172878109
1.35587706526515,-7.41293226949312,-26.2099572478498
1.30328829301024,-7.17647668567761,-26.4450705251222
1.36588419260449,-6.94324391903328,-26.698328166477
1.40641530873399,-6.77862363629193,-26.8515002610508
5.84604333633939,-6.29490156292547,-36.1894373492982
5.89799673832529,-6.27453967863816,-36.31964121842
5.91833157226176,-6.25551201390801,-36.4695996960868
5.90522269777309,-6.24456528802161,-36.5820833226544
5.87895626089358,-6.24621317126457,-36.6457281703503
5.85867944651361,-6.22403760023044,-36.7534289577646
5.77834906410094,-6.19328424762241,-36.8010235907995
5.66331822764632,-6.17154127586572,-36.901899280558
5.53495654521617,-6.12651754567106,-36.9638475914958
7.1953890342258,-4.17534649715769,-40.7563724642584
5.43862224004514,-4.15050067385398,-40.9089064272033
4.06939828198985,-4.31669672506349,-40.8351077857208
2.96160093499685,-4.56749884931844,-40.6019292540179
2.07352110399424,-4.89614697527074,-40.2391950270235
1.42376178476192,-5.11712839362295,-39.9684980434634
1.19836242465857,-5.34829899632653,-39.7925913950183
1.40094257846918,-5.45782771916419,-39.8419183596337
1.54225596382324,-5.54046449563486,-40.015920872123
1.36867244015257,-5.76503200981895,-40.0053248849439
1.17444425521781,-5.95455297319624,-40.131614327303
1.24279188408146,-5.95605812121633,-40.4739032620131
1.6712767616389,-5.69670616610443,-41.0640161596502
2.29550515031565,-5.15208687501637,-41.9736720819473
2.95423847147768,-4.47574527752837,-43.0719736251964
