7.38702780949203,-8.98721327157889,-65.6840863575752
6.3900136803863,-9.4885654920268,-65.2466269171227
5.50424376544494,-9.93564335214938,-64.9455727077155
4.81066255922617,-10.4246024903044,-64.7793429959779
4.38356720600089,-10.9753148884593,-64.7024886974097
4.10218552982527,-11.5530044152063,-64.6834045948277
3.86442541461082,-12.047772124875,-64.7191859938542
3.53611525788254,-12.394552632114,-64.8804432237245
3.03980097217739,-12.5583891748408,-65.1888372374677
2.3491090660609,-12.445929672944,-65.7045667151396
1.70756827374026,-11.8333124824686,-66.5225540374798
1.47696257491721,-10.8740601095771,-67.6528183798365
1.47099501680212,-9.94096873775575,-68.820007226291
1.59478552027789,-9.07742798351705,-69.9936482159611
1.5581380539509,-8.36759074465652,-70.9394675459995
1.23359084210526,-7.67582740360908,-71.7490428828113
0.725015691432089,-6.99702955795121,-72.4198998768596
0.0943249854188768,-6.36879661823025,-73.0062615681335
-0.703796978274029,-5.80902815612631,-73.4713010702042
-1.6370062924344,-5.35403413199896,-73.8158523868659
-2.62176678548734,-4.95779715001135,-74.0885965652229
-3.59253618770407,-4.52063897774023,-74.3853319042856
-4.52280682528581,-4.05533358839522,-74.6689705271315
-5.44350303222478,-3.48101896131305,-74.886901944524
-6.32440062386258,-2.77809177986343,-75.0776493882771
-7.12209770656448,-2.00768142578867,-75.2230000467935
-7.93799009327973,-1.20010037958615,-75.3621441002699
-8.65971090625547,-0.490626294162817,-75.4678021251852
-9.24822198182034,0.121342956749151,-75.5166298469572
-9.45084870854937,0.62846586709142,-75.5978418521972
-9.82445152010365,1.29031355913084,-75.6229610806067
-10.6723956269129,1.88908673732825,-75.5280450917928
-11.9395908692565,2.17211310142081,-75.4135125807031
-12.7197749445879,2.37086129446554,-75.1590904654883
-13.1184843568592,2.60107516886887,-74.7955533920903
-13.7379266097246,2.37626364220714,-74.5302254026458
-14.2660274834121,1.80934600436062,-74.3201521305845
-14.2457003782303,0.850674636505576,-74.099236565294
-13.9861079320181,0.479822890345526,-73.6664902342462
-13.5837126789922,-0.45482275208301,-73.2974231674783
-13.100155472339,-0.752904214353563,-72.7754504829225
-12.2769394061777,-0.98837043137125,-72.2720649426252
-11.9640017718311,-1.41218121854045,-71.908597974982
-12.05652682346,-1.57244960357273,-71.6142568473227
-11.2108052099698,-1.44981521211094,-71.3274098484062
-9.8787759899724,-1.2886056079181,-71.2392796681407
-9.00981027462523,-1.21164847640638,-71.0807237230824
-9.53165589837633,-1.47765205086897,-70.9235505858978
-9.88019822913579,-2.11617632826545,-70.7739192411237
-9.98244696252027,-2.65563201214518,-70.4966989373342
-9.66854634069236,-3.11364918565734,-70.1918663343
-9.35282067548396,-3.68381996003861,-69.880244878372
-8.94743864771459,-4.07696803977026,-69.6091158951567
-8.68114029445414,-4.16958833582758,-69.4071249776184
-8.3361718905626,-4.02255542556851,-69.2056903077236
-8.15430113353102,-3.54394517657172,-69.0627385179703
-7.91914247129204,-3.20739898758868,-68.9060737761578
-7.33659250303024,-3.08587149867978,-68.6514274289855
-6.99175688578532,-2.85870409958419,-68.4542955086203
-6.69217897658281,-2.85356075733342,-68.224907120291
-7.04944058149173,-2.5860180108215,-67.9372407246061
-7.6962479194144,-1.95293696759336,-67.7793870685031
-8.40762248646732,-1.24718699247073,-67.606639438389
-9.11675564543699,-0.583708728544391,-67.3966940724926
-9.744194512236,0.0468994646420661,-67.1525066372033
-10.2228056004464,0.619651700435024,-66.9238461950769
-10.5762239780449,1.01265545692739,-66.6952983727981
-10.7634617098673,1.31740315917109,-66.5984343401209
-11.2551082004462,1.58351728513146,-66.4853327678984
-11.9154076583586,2.1382419973857,-66.2494197140807
-12.6552549584631,2.96619061572389,-66.0913596306968
-13.3491723029216,3.9648987453703,-66.169312790479
-13.3838016332269,5.19123619237741,-66.5864395272701
-13.3007011240893,6.54344604438168,-67.2749541294219
-12.8677573679059,8.41307702608744,-68.5842289179697
-11.9101639742691,10.6569796565676,-70.7974259453314
-10.5769037255548,12.8489423721444,-73.8249910559806
-8.86295248792873,15.0313479769422,-77.998113909097
-6.71605898130353,17.0967566637374,-83.3461373882509
-4.02811753723567,18.9539006909228,-90.0799584635405
-0.852299046591698,20.5630096313057,-98.3898112314973
2.99743582395369,21.7648192510989,-108.584699142288
7.66296376498267,22.5687189815033,-121.452912171626
13.4383466054655,22.5957168829277,-138.010303092815
20.7345506735237,20.7713190982726,-159.943465383442
28.753420860835,14.6974797061944,171.105528329403
34.1402528892498,-0.357745574825808,133.716999160125
29.2241988563719,-24.0009245539833,83.8703601878627
2.86210271313313,-37.5424801128881,12.7243705069527
-26.606864093525,-31.538211839036,-60.2128581241719
-37.8380774564192,-13.3095067186632,-112.182949200871
-39.6286525649137,3.1741636912831,-151.023566483479
-37.7354980200275,13.5105443513093,177.757828427887
-34.3214189930158,19.9584500625935,152.180438873285
-30.1856832073317,24.3268434713152,130.703708608598
-25.5081430766685,27.3561145712602,112.387901444688
-21.2585450679709,29.3710283028657,98.1035414467441
-16.5152339983436,30.7853245560204,84.0693737375984
-11.5815003617196,31.5028546645549,70.3857752062632
-7.34772135380299,31.6643993960891,59.6356412558273
-3.52144492834313,31.5565881488646,51.7122176627077
0.111217646377442,31.1857896464145,44.8844502299285
3.13696867630959,30.3084834496773,38.198252715558
5.28355606924388,29.2651645040066,33.0263264692462
7.06330566798882,28.3974498304334,29.3405280397147
8.7988712383827,27.6393439763473,26.1774765858045
10.2460309770389,26.742667003769,22.9946085293846
11.5915035018958,25.7948554626869,20.0604109785039
12.9246910692901,24.9432330798739,17.958817058616
14.1085162542759,24.0986696167657,16.2510704042599
14.8030307518792,23.1043469966902,14.595069702435
15.403748553986,22.2540979087557,13.0905434949317
16.0524658278366,21.6024681186538,12.0750584038763
16.8033865635662,21.0765022643982,11.3087259672703
17.3037147330018,20.50095294731,10.6178034294294
17.6859665281029,19.8964195905348,10.0248395901151
18.2252799748985,19.4226848379589,9.67072053240936
18.8461177183878,19.0945112240871,9.62217759909965
19.3453633462386,18.8131433707156,9.56178008154235
19.6721124881434,18.6072032585632,9.52541311204946
19.959625946544,18.5502317766707,9.61844749710011
20.2203657120197,18.6963051787086,9.85104021801132
20.3253052958366,18.907927003148,10.0568123320881
20.2710017514069,19.1674228204803,10.2433075892873
20.2223103762435,19.4735889417478,10.5284898281589
20.2886852274094,19.8104620241054,10.8895341172557
20.3632783938308,20.024870977974,11.1970561810173
20.4540583482812,20.1140701770217,11.362337323316
20.4927264455783,20.1827538934028,11.5889199032447
20.5861090316676,20.3382900378843,11.9705457484378
20.6159581146646,20.4603605092408,12.2012497873642
20.5937152801857,20.596298000945,12.4118858721485
20.6120462871887,20.7375941948563,12.6258892590712
20.6677593134531,20.8368464201019,12.7991848506729
20.7388805170195,20.8635853533391,12.9409804288035
20.9121551552393,20.9064805018228,13.0583842239976
21.1914164030649,20.9195965292537,13.1641563822581
21.4350258813153,20.8792267887538,13.252475993574
21.6156834263194,20.8166386845547,13.4026616347799
21.8241306373663,20.7640359347783,13.550617443476
21.9957642038881,20.7775258503893,13.8188499019414
22.1304683046637,20.7928719994368,14.0677297132683
22.2462613812643,20.8533802064956,14.3174624319807
22.370896151229,20.9383360689525,14.5801561850038
22.5100520065393,21.003369987848,14.8137695128921
22.625285465436,21.0775648899979,15.0238281077057
22.6693672492473,21.176970880321,15.2630573875273
22.6907461215344,21.2945684164276,15.4854422219522
22.680780091306,21.4321961475843,15.702104418766
22.6828965260209,21.537650270443,15.8938961021395
22.7136910785685,21.6565820351383,16.0587089953966
22.8025727393679,21.7737410238041,16.2488295029512
22.8968807221665,21.8793029642193,16.4235060933321
22.9403853836109,22.0104728101853,16.648955045728
22.931169167801,22.1329147527573,16.9621968325329
22.9063697934798,22.2631656641088,17.301988613071
22.8281196938293,22.3577417815342,17.6101391923156
22.6831726135363,22.3938402058151,17.9786124468633
22.536557904419,22.4176920715366,18.2945016706241
22.3755815620919,22.4584165005752,18.5820831997034
22.2490603334221,22.5359727678567,18.8132201698592
22.1422118921755,22.5700743315976,19.0259076795861
22.1100761369149,22.573328662069,19.165732856089
22.0851964704391,22.6008178173607,19.3720992709193
22.084403957853,22.6009952540143,19.4748347141116
22.0411200279955,22.632291511457,19.6875534858262
22.0362747975046,22.663298565098,19.8232660240334
22.0155409031611,22.7601167078157,20.0370717348537
22.0090984697421,22.8749098327323,20.2703718272853
21.9659983111325,23.0090097961974,20.6171974490937
21.8903357491261,23.1682492090347,20.9086546855139
21.6711073440372,23.3806961145163,21.3629548053257
21.4650670589829,23.6143896015366,21.8035090889745
21.2412720365122,23.8567858075793,22.2590096943105
20.9245738225701,24.0505238683574,22.7852283431724
20.6221690624113,24.2177706119395,23.2208487319121
20.3446070231276,24.4085504591833,23.6110225612894
20.0552138770113,24.6589501009855,24.1532745812491
19.6280165863091,25.0006942687653,24.8355547384992
19.1402862262077,25.4972694293684,25.6613338972831
18.4825204852888,26.0428218062333,26.7557926082106
17.6824554591967,26.6734059033156,28.029601650747
16.8030077420104,27.5207994209605,29.8588893862623
15.5750212281001,28.5035193938915,32.2672533491382
13.7581617156781,29.5746643511739,35.4491555640019
11.4963823483303,30.5835698479132,39.256960237574
8.57334500993939,31.5468541035117,44.0601734713405
4.80056883973375,32.4533390446649,50.330988531385
-0.450446888130085,33.2144243267143,58.7701897744284
-7.60823112716898,33.4205833777944,70.0593539394114
-16.6157922207025,32.5763407777721,84.3877203193761
-26.5983925114387,29.6751866904973,101.325818988213
-35.8919790502148,22.7417823099505,120.346671592143
-42.0287786232151,8.77583104111003,140.876347931962
-42.2103871011533,-11.4791465325796,163.795656521007
-33.1318529837618,-28.0220425805278,-167.617145783346
-12.7635116716974,-34.9587872442538,-130.219308436872
10.0764011364995,-34.7704631031208,-91.5128269287035
24.9826989500961,-31.0626899011305,-59.0953088395833
32.6569658127459,-26.6586696936387,-27.3803556977219
37.1181662687273,-26.2849868903648,31.4456502040998
37.1836939473021,-17.563291371496,-164.632249483597
36.4418845096222,-17.7057058085816,-88.4469276364275
35.8620300983495,-14.6198741852566,-63.9303787752034
34.505256044058,-13.0491632793232,-51.3936997238868
32.6517713530334,-12.4409394416834,-43.5023963209277
30.2987769803083,-12.5837935220074,-37.6530784250393
27.7668646661332,-13.0829681086865,-33.9346670573603
25.200923927674,-13.6000470304183,-31.9052906286856
22.4639723353693,-13.94101189305,-31.450257350651
19.8953211839191,-14.2096809745412,-31.7708534612625
17.6554899232584,-14.6893587224389,-32.0096102075159
15.8898841985372,-15.3711433704863,-32.0137802369652
14.515337801171,-16.0325647787536,-32.223534449615
13.5448758037337,-16.7172459248491,-32.5265051638338
13.1276541554908,-17.0694134338418,-33.2324970554649
12.6215433761312,-17.1072300556188,-34.5189507907987
11.6268894707727,-16.7039582747023,-36.4986218694921
10.1119221185128,-16.2243108581665,-38.4248590747517
8.25244478215579,-15.8862478896447,-39.9152858891618
6.55138455195576,-15.6283134829653,-41.2428598865779
5.38254641968429,-15.3467206655955,-42.6375459731368
5.30974220321079,-15.232590098539,-43.4895053580823
5.44095938206826,-14.9930049879187,-44.3676513611735
5.76232875183632,-14.9041474575544,-45.0947991589696
5.7818105213665,-14.7591839484152,-45.8533598300298
5.38060627872017,-14.3619255625233,-46.825809431736
4.12422191536799,-13.7702280161181,-47.8727551843544
2.38523108627019,-13.7140742079915,-48.4896060952761
0.925075580336515,-13.9253189501533,-48.7949033722341
-0.180125376839189,-14.1026808926779,-49.0591612069019
-0.407713650823362,-14.1600976029325,-49.4003044953328
-0.0686956958324939,-14.0162887910767,-49.5925235644105
0.423992603521063,-13.913044759317,-49.8045174179
0.742455970730709,-13.6699674066911,-50.1344209955592
0.754706710090337,-13.6098094817778,-50.4537567350035
0.195078065618035,-13.999249797943,-50.5861843602812
-0.720576055049946,-14.4191461006276,-50.7699395547989
-1.38564070023386,-14.6645352909289,-51.0074005040867
-1.6962837475588,-14.7009722889666,-51.3021577687581
-1.68700164316234,-13.9232589066551,-51.7555420752823
-1.49360177539993,-13.151433699741,-52.1300905457349
-2.42693876273157,-13.0692893359132,-52.3987490202171
-2.13178084116194,-12.6393743497679,-52.5921235315961
-2.0492648227449,-13.2903382060597,-52.4452048694605
-3.27710925165553,-13.810920826859,-52.544334268272
-4.19882104723445,-14.1685459396097,-52.6125635612667
-4.9255766435664,-14.7840618844759,-52.586594677025
-5.69260848582798,-15.1819254153094,-52.6897199281075
-5.95633249260071,-15.3491596527841,-52.7706756723603
-5.50345106794764,-15.3037777148848,-52.6996891474496
-5.149679135125,-15.352845177649,-52.5952322122761
-4.98084332308685,-15.1830460871343,-52.5323900017683
-5.1193300417302,-14.5626060199113,-52.8033693411111
-5.51733297822387,-14.0856786340796,-52.9421609100154
-6.22705944966148,-13.9275886511257,-53.0691990785949
-6.848449375379,-13.8927481087917,-53.0043282849433
-7.39721535312385,-14.4919916773459,-52.8389414869293
-7.59794235583222,-15.3327488911092,-52.8079827045843
-6.67638251184449,-15.5867077224522,-52.8237778929268
-5.30931093064749,-15.1773137285895,-52.801891557156
-4.42095123903592,-14.3490235137146,-52.834642100596
-5.03770514035131,-13.9346725891734,-52.9324203980088
-5.18919807749609,-14.9986518242422,-52.5122433980329
-5.60633143284554,-16.0170867071303,-52.1506580521164
-6.56532837626104,-16.3142685580205,-52.1040333872337
-6.90712030743603,-16.012617822529,-52.0787480235445
-6.39608906820413,-16.26959683722,-51.7177058771674
-5.6946247078895,-16.4306085348317,-51.4176680014674
-4.86142544865756,-16.5349127466063,-51.1621693938726
-4.17487603399252,-16.6032447712694,-50.9120286551789
-3.64428772501558,-16.5575490927147,-50.7343153471187
-3.38298873349369,-16.7444604052002,-50.5002222904665
-3.28104249281234,-16.7773045686605,-50.3737479083226
-3.4554069066551,-16.8852449068931,-50.2397896380012
-3.68256303982726,-17.0279517953336,-50.216334746417
-4.04806560703326,-17.1376376436688,-50.1367074599202
-4.44172018433924,-17.0595345859684,-50.1703301545615
-4.6322082638116,-16.7619421761798,-50.2182872732949
-4.72825771857828,-16.1735483417724,-50.2653668161076
-5.1620887738199,-15.4043024813015,-50.3801865582126
-6.11292154779387,-14.5377193557319,-50.772142007389
-6.83408855182811,-13.6465375668632,-51.189284833369
-7.09321133004871,-12.764589488779,-51.5863825938568
-6.97602142159719,-11.8975501172807,-52.0323529253804
-6.87812090031966,-10.738941065748,-52.4723431861503
-5.64682274084124,-9.76898323799777,-52.8137987070414
-4.38078032868258,-8.93746512404552,-53.0042834054898
-3.71883355183823,-7.63002353383784,-53.3365288041358
-3.2443808395047,-6.26426302083266,-53.7629550925929
-3.31323031255917,-5.06361070427354,-54.2672525409598
-3.8996419735425,-4.5093729491577,-54.6012883087123
-4.54859423827683,-4.14110442361625,-54.7801482494719
-5.08896064418868,-3.79231817561025,-54.909974924269
-5.22249212393307,-3.34942699364046,-55.0223575495266
-4.71376328951257,-2.72044532988705,-55.1063902985718
-3.6200096603297,-1.65607066327498,-55.4257149583354
-2.35781302671489,-0.376355796593202,-56.0029985562271
-1.06671415996393,0.832479679512201,-56.7637660867464
0.203036757469236,1.78992342687549,-57.649166070579
1.37706675318282,2.31565818647117,-58.5039659290594
2.22729283302068,2.17331953323772,-58.875122281794
2.93167626729271,1.88432960008957,-59.0226281524253
3.55180451904964,1.67071163427175,-59.0499492747868
4.18194087753302,1.55977663705425,-59.0397353957114
4.74389587972905,1.30168822957617,-58.7114131436867
5.43742345110069,1.02269635714833,-58.3054143867452
6.17601033778331,0.773320760614817,-57.9397307817084
6.80377717742607,0.579882150673384,-57.6003407385913
7.2083583154561,0.32174712197115,-57.1452167289399
7.36341777646506,0.109647027004528,-56.7187736832539
7.27819294558337,0.120236271921603,-56.412328315159
7.04564510260976,0.252077964222497,-56.2286215052401
6.71461059535201,0.436101019123519,-56.0892779866676
6.45080346270661,0.576954607516667,-55.9975886157167
6.30403515317454,0.627688827120403,-55.8568403665409
6.0901693287394,0.604675730621583,-55.5747892936619
5.97786225155251,0.631981039345638,-55.4758227295128
5.98539678812373,0.716673519143662,-55.5505799700027
6.0153674076232,0.907233996439364,-55.6734462534816
6.1259147300421,1.16463031982143,-55.8247588863997
6.1752385349677,1.5048999673543,-55.9700549031021
6.24026674169914,1.80996126971917,-55.9577800441155
6.24100322870771,1.95773761816562,-55.8259071644987
6.2079246878888,2.00318268283698,-55.5886856438037
6.1211455388727,1.92943651385383,-55.3643656043038
6.082551832038,1.7093744334412,-55.1677244190405
6.02951202238784,1.50376455691487,-55.113883822472
5.9808427186126,1.26910853933589,-55.0472141770997
5.79103167509472,1.00723609513618,-54.8953384024615
5.45364564701995,0.69387143743531,-54.6944038180358
5.04112663797422,0.34750948866754,-54.3516933914531
4.57575682203292,-0.09319877689321,-53.9714303783448
4.20052985761548,-0.612630584462627,-53.5942996299248
3.92454356488422,-1.21691928525427,-53.2585061891876
3.91065265924733,-1.80452306805595,-53.0358355867636
4.07747812096961,-2.46258016031265,-52.8303537855505
3.99096007359001,-3.29076299619736,-52.2840129662107
3.1426487908972,-3.9789004308239,-51.4985991837773
2.24794375289654,-3.53920444097216,-51.5469718185075
1.75658721413141,-2.93075271559472,-52.01738617213
2.10833851632475,-2.85952850669077,-52.589683844162
2.49878760616874,-3.44720848737605,-52.627054273846
2.66519635520195,-4.16453951405676,-52.3624943102678
2.37137288537883,-4.91982022365801,-51.7392496295593
1.80001776180131,-5.61343264718472,-51.0778644992849
1.10973779065914,-5.97233521436346,-50.6230485819531
0.515706462924035,-5.93750593597816,-50.4087640282433
0.108190266927369,-5.81614450673685,-50.2742933788929
-0.294118259183163,-5.74854043116933,-50.1161703200619
-0.580758043227617,-5.76207010479102,-49.913265471913
-0.72413514364535,-5.69132610947399,-49.836829696861
-0.716698593767163,-5.45294319389119,-49.9778228409169
-0.51806925983464,-5.17058456160443,-50.1423665363938
-0.119281716703173,-4.85089835390071,-50.4316498544459
0.328107670312639,-4.58695339034425,-50.6863920768979
0.735048013901445,-4.33297388986023,-50.9859104062397
1.01983707667087,-4.17912164434168,-51.186628799011
1.20759668167444,-4.03010849524887,-51.3821463583869
1.24017188877064,-3.92246485071547,-51.4085687420504
1.11470908099149,-3.85620488970307,-51.4046859764386
0.954863358452386,-3.82301869848609,-51.3423573612115
0.713299815608916,-3.71381282910189,-51.3193753617308
0.575870799550401,-3.5717658487105,-51.3819161514691
0.511461462309024,-3.40943572055368,-51.3909170158558
3.3673204316756,-6.28010342447263,-44.6978401604732
3.12255647796845,-6.56810034111161,-44.4425552556371
2.88278324463883,-6.78757157148958,-44.2758551557289
2.61522226361079,-6.97179074468295,-44.1112177354235
2.33451676369683,-7.1569786491306,-43.8818965667552
10.275441197966,-6.63446957756746,-32.0903750058442
10.0897646895656,-7.183462306942,-31.7596464501802
9.42932896499992,-7.82467499238059,-31.3392029416484
8.45183689650204,-8.33935417395649,-31.0480005149714
7.46288466390716,-8.65254492815292,-30.9933554820022
6.86511632271906,-8.85841576924826,-30.9490611649479
6.63739738900686,-8.92560967122288,-31.0151995575472
6.91456930876246,-8.75148378870018,-31.2590431623164
7.39935763360359,-8.58144982942009,-31.4497027883003
7.83032527177743,-8.40522045774968,-31.6924559682312
7.97488823359261,-8.47035572730653,-31.7741600257396
7.71724413860382,-8.70869002566734,-31.683149328754
7.6548584004125,-8.52207794978723,-32.0807707265097
8.03309058893939,-8.43073251655444,-32.2995935753483
8.17052384928578,-8.30899340893527,-32.5737863975005
7.31163753021699,-8.36224939095455,-32.8866867098356
6.85691067654681,-8.54145174713663,-32.8914336035426
6.72925174259272,-8.83348194927369,-32.7139053526628
6.68303964314981,-8.80147254391114,-32.8395651964688
5.84647627877901,-8.90915153376022,-32.9460255987636
4.85683780929651,-8.89021965427702,-33.1802317250503
4.3868253661198,-8.89203126403341,-33.2538031318717
4.79642265898937,-9.13840447488788,-33.0442357389323
4.89338492991635,-9.34977366678502,-32.9009561808832
4.27524713384907,-9.49600749605393,-32.9159944629491
3.8950126867396,-9.47947332317713,-33.0631753810097
3.88236430907208,-9.47675796156735,-33.1451816146951
3.88690350127326,-9.44038638126381,-33.2051854161441
3.79775343395903,-9.38144051445087,-33.3442072758484
3.55402533021264,-9.26277746210245,-33.5213425126667
3.07016649448531,-9.15506939429027,-33.7644874040317
2.442985962568,-8.96365065166897,-34.0325040305614
1.97144149975216,-8.83760929196498,-34.2315292832379
1.69623394115298,-8.34920774661002,-34.5231669693192
1.54660709540628,-7.65608897167898,-35.0861648203372
1.23676131877365,-6.90500263912191,-35.7054144179269
1.08896431120722,-6.09877445483834,-36.326215168642
0.701383304033648,-5.22722991662438,-36.91122376281
0.209829044000776,-4.36609656034071,-37.65398543141
-0.582958260771207,-3.68627317109715,-38.2710936541595
-1.33985243791882,-3.02893882597484,-38.7727496858557
-1.83492296009795,-2.31512386183399,-39.2382895389986
-2.06273039563512,-1.63713867810526,-39.6963863143114
-1.97091363610479,-1.10302772123508,-40.0020973177884
-1.90021650644197,-0.774413200488563,-40.2048089276261
-1.7523366149473,-0.724611639396124,-40.144286779594
-1.69121974007558,-0.730818224761395,-39.9583741305766
-1.37744127810344,-0.469644755100446,-39.9528604158662
-0.234660852333085,-0.318325872191372,-39.7453957993126
1.20130772125649,-0.561260795777998,-39.2875693630434
2.6353575924336,-1.20127778714556,-38.5135665472147
3.63787809242455,-2.01422999876646,-37.407489368827
4.05002101297063,-2.72000214156662,-36.1422593853352
4.00414824450582,-3.20261773894127,-34.8693352029103
4.04798572496763,-3.382756938879,-33.6995314884801
4.71708306187308,-3.55682788264382,-32.6316800049243
5.76340162009627,-4.06659108273562,-31.0851346245779
6.94393983250994,-4.73130898633432,-29.4782852082453
8.02929518646986,-5.46282714233695,-27.9990371292998
8.80844696557487,-6.27983098732911,-26.5521307168548
9.27297085687177,-7.1164212974573,-25.1366691697036
9.54696830264663,-7.80873768155488,-23.8674848770183
9.81957657744591,-8.29151087648672,-22.8088529275923
10.1746129211708,-8.66117493893199,-21.8554556163524
10.598206669133,-9.13420141020505,-20.6290243841085
11.0594880726019,-9.79544771912737,-19.0256782773409
11.5215715982467,-10.5845621320337,-17.245749639381
11.8283518200554,-11.536677217698,-15.3107435186609
11.9196452222408,-12.5959994903584,-13.4322565472427
11.8304322171031,-13.4984202835018,-11.9387824444097
11.6822487432422,-14.0680789707772,-11.0528203105049
11.5500746297938,-14.4059081848942,-10.5242487470829
11.4598365291985,-14.6036831614216,-10.1295812802499
11.4417834552742,-14.8337000943853,-9.60991837471234
11.4664175036664,-15.1341643325564,-8.78155159978211
11.618869275619,-15.5067003032882,-7.73760258575575
11.8689302692178,-15.9804844021128,-6.54888416785851
12.1667773645623,-16.5603949562719,-5.28799159568149
12.5022607241246,-17.1250968704685,-4.13813152340657
12.8382117056138,-17.4721838106617,-3.49205073780351
13.0291735992836,-17.5639436792692,-3.47689618571185
12.9742551459618,-17.5178428145375,-3.8140119728591
12.7626342386484,-17.4696474623728,-4.16214701906453
12.4925457242791,-17.4222183187612,-4.43789638397698
12.1924141231659,-17.407405862159,-4.59424205771571
11.9325130518361,-17.4313461850647,-4.68777215518495
11.6066357969314,-17.4433038056813,-4.87133159162571
11.1614339844464,-17.429596275925,-5.13459794499219
10.8088024777714,-17.4334099699933,-5.4266941902927
10.5925476319052,-17.5381653500597,-5.53025916703418
10.5101618127553,-17.5491852183267,-5.63744749674804
10.5592369872103,-17.3179329462123,-6.05876342137813
10.7074237032152,-16.9190464254164,-6.64910701563974
10.8845956815199,-16.4513690471284,-7.38147981340186
11.0690588618533,-15.8809884064377,-8.40594491470937
11.0682293695816,-15.3060574217623,-9.55699463838817
10.8999305224305,-14.7855577635106,-10.6635407149601
10.5760384782524,-14.3516025232395,-11.7026082547881
10.124990236274,-14.0631597668606,-12.5401692435665
9.51238117908223,-13.8885887560965,-13.1432790419216
8.66885628986485,-13.5184052300285,-13.9952323397646
7.74998386456394,-12.7678602160504,-15.3029409364864
6.96397264241103,-11.8184378219643,-16.8988614903397
6.43223971548056,-10.7709125021627,-18.4942762498048
6.0237893585601,-9.73082722549871,-20.0067457263687
5.69539437828675,-8.86068263739356,-21.3255758175953
5.27534399236871,-8.09306940718881,-22.5365021256066
4.68616516066669,-7.51180361592067,-23.4868400272522
4.12135223059131,-7.11162627111519,-24.0600658026054
3.5855450000963,-6.8003180611373,-24.5002532901587
3.07581571390762,-6.43882967678503,-24.8842554896748
2.64757150541605,-6.01771651089146,-25.3446423547158
2.2941545134462,-5.56245160313601,-25.8380460929666
2.06184473702097,-5.1961011278395,-26.321363073759
1.96307489758067,-5.0491717285342,-26.6539778045439
1.92518676086608,-5.11718256098299,-26.7300825968226
1.87508174038365,-5.22474574093473,-26.7093854466267
1.78067790844629,-5.27176373666377,-26.7244882243942
1.62939706613066,-5.22857296219934,-26.8329319047971
4.02465831669869,-7.28174685295646,-35.8922999209302
3.76512069362747,-6.73770007145968,-36.376812260736
3.26194031266348,-6.25066992260916,-36.853362748694
2.58237540176397,-5.7975042930634,-37.3146526008484
1.8146766788006,-5.25263111908411,-37.9010404492752
0.577002077509722,-4.79884940873229,-38.3402990720297
-0.416822187594355,-3.74565342647314,-39.2961697687046
-1.31385954694944,-2.54846852464985,-40.3593400097534
-1.9069433854661,-1.48958587064019,-41.253814552925
-2.13168041120838,-0.651418393363757,-41.9047384951091
-1.83294425965164,-0.00475361596271098,-42.4240350991898
-1.44407552494611,0.604051420367541,-42.7907910953502
-1.39300997848581,1.20354451052151,-43.1082338658267
-1.5318443627559,1.65970427882803,-43.2751072806597
-1.58307965597696,1.98842953231756,-43.2001865828542
-1.53952110371019,2.10908605872447,-43.0718977431926
-1.0578680635465,1.75462607014668,-42.5619924659044
-0.310702905793048,1.08718381663293,-41.7927144240668
0.53043990320726,0.455466856005563,-40.9429075031924
1.42998015332717,-0.112695805490812,-40.0205954918544
2.24942872510078,-0.66528607942042,-39.0333475338805
3.17969604153692,-1.38301271930649,-37.9095661679828
4.00498216820041,-2.37503502542629,-36.4612181932234
4.70701143629326,-3.58235941333217,-34.6695342726554
5.25807882813941,-4.86375413959158,-32.6523626522688
5.74068832563319,-5.9787091655421,-30.6067921129535
6.45103316879842,-6.66956662224012,-28.8186737993168
7.37176075796515,-6.98860899459661,-27.4421284250451
8.3133436366838,-7.21085383619047,-26.4277685047024
9.17602138161673,-7.5906317308604,-25.5119884947621
9.85348894316321,-8.27343703548946,-24.4283664462669
10.3102624073834,-9.15945870475094,-23.0325622485449
10.5971636861976,-10.1412462030769,-21.3644216278058
10.6595624869472,-11.0733466066669,-19.5689013525178
10.6499020902055,-11.8136980451041,-17.9344292712636
10.7445703687598,-12.219005863701,-16.734937104724
11.0645137773155,-12.3667024542638,-16.1272831059787
11.4942030366306,-12.5712879841836,-15.7572673630091
11.8704317518062,-12.9472038920241,-15.3714773967973
12.1311287037904,-13.5261915542774,-14.8366970564336
12.2009996281435,-14.2411283435461,-14.0438697148958
12.1763623821561,-15.0238301657377,-12.9377046034261
12.1439467063281,-15.7270626375584,-11.6638326821613
12.1258314138157,-16.2168426046211,-10.4202172444855
12.286614457396,-16.4603446031836,-9.48904476026621
12.61528440061,-16.3874214723137,-9.14580391144502
13.0005995944376,-16.1111861617325,-9.51317136111461
13.1317948230169,-16.0711545801698,-9.89025388127241
12.870051341584,-16.4717520648865,-9.80269740438088
12.5887585913649,-17.0276686168897,-9.50778513900645
12.2434768854314,-17.5136782714234,-9.21110581486827
11.8375658951634,-17.8083410110154,-9.06699538066816
11.3915287443023,-18.030440873094,-8.99915843896505
11.0259875948545,-18.2120291349576,-8.80675203964528
10.8903142154827,-18.1856386545311,-8.77414404220007
11.0899986193896,-17.8668840396364,-9.13508684354679
11.3423776373907,-17.4595575216125,-9.85425552720378
11.3403184654035,-17.2728079908121,-10.5346076100915
10.8913402891384,-17.5869673867566,-10.6884441905194
10.3882680619713,-17.8862566299359,-10.7503584396027
9.86477266850588,-18.0243910694103,-10.827868445787
9.33102492496774,-17.9898640457873,-11.1218078133152
8.81611517857214,-18.0313403392889,-11.3372347150557
8.51571261417059,-18.2621708681642,-11.0439702848337
8.3825557993173,-18.0233048631933,-11.0673256592903
8.40266149525429,-17.7523136729544,-11.3570700552256
8.63949304246076,-18.003980196729,-11.0834661793962
8.89580972686666,-18.1834323527822,-10.9596856277056
9.04275217599867,-18.3416321436033,-10.9784763254316
8.9195050996736,-18.5404753935671,-11.0238399778911
8.56906233022981,-18.7696635855114,-11.0472324797275
8.0850000390449,-18.8816590239478,-11.1214712580572
7.6230780091351,-18.7704320544293,-11.3841391702881
7.23844493174279,-18.3990318222761,-11.7623698566725
6.99385975968366,-17.8966052463343,-12.3386713299938
6.85472911824191,-17.3198485407084,-13.1303995113513
6.80950856091188,-16.726746334378,-14.0354976555166
6.77880844744157,-16.2146265321442,-14.9613725649817
6.5946701281673,-15.8690291973999,-15.6839665832261
6.28340010110459,-15.6456810764414,-16.2984123261991
5.85529897547252,-15.4539259473139,-16.7313742431904
5.42980042790596,-15.1457698088146,-17.2327547265955
4.96246470152262,-14.6720474165058,-17.8430323487852
4.57248027279405,-14.0140796999984,-18.5563497057741
4.32494247179437,-13.3650701995011,-19.2625355302676
4.17794570424579,-12.7943958369353,-19.8440135574585
4.11533060111746,-12.2753330895307,-20.4558685092349
4.05760707647971,-11.8810497921902,-20.9533040398104
3.9570295515942,-11.6737694529406,-21.3337587213494
3.79349987431246,-11.5446454567454,-21.5460138272469
3.5757236164652,-11.3517909378944,-21.7854014770678
3.33644848150125,-11.1294302663996,-22.0492654226046
3.05386097404224,-10.9028803847026,-22.2806125051421
2.75229719152162,-10.6773958633334,-22.549975432654
2.48806730250148,-10.4346674834141,-22.8381470190753
2.36074295783547,-10.1660838611539,-23.0974434953514
2.31049333891993,-9.81127625171222,-23.5003138314564
2.32531986070997,-9.32749223830525,-24.0482097240718
2.31066584970064,-8.85107551463831,-24.5307752429592
2.25415172420127,-8.46600308848337,-24.9606016222859
2.13645263715458,-8.18070835912665,-25.2801854488382
1.9004142927841,-7.86561122690964,-25.6871567823344
1.602831196939,-7.70596725716279,-25.8751385655409
1.51736872885639,-7.61896201695353,-25.9653172878109
1.35587706526515,-7.41293226949312,-26.2099572478498
1.30328829301024,-7.17647668567761,-26.4450705251222
1.36588419260449,-6.94324391903328,-26.698328166477
1.40641530873399,-6.77862363629193,-26.8515002610508
5.84604333633939,-6.29490156292547,-36.1894373492982
5.89799673832529,-6.27453967863816,-36.31964121842
5.91833157226176,-6.25551201390801,-36.4695996960868
5.90522269777309,-6.24456528802161,-36.5820833226544
5.87895626089358,-6.24621317126457,-36.6457281703503
5.85867944651361,-6.22403760023044,-36.7534289577646
5.77834906410094,-6.19328424762241,-36.8010235907995
5.66331822764632,-6.17154127586572,-36.901899280558
5.53495654521617,-6.12651754567106,-36.9638475914958
7.1953890342258,-4.17534649715769,-40.7563724642584
5.43862224004514,-4.15050067385398,-40.9089064272033
4.06939828198985,-4.31669672506349,-40.8351077857208
2.96160093499685,-4.56749884931844,-40.6019292540179
2.07352110399424,-4.89614697527074,-40.2391950270235
1.42376178476192,-5.11712839362295,-39.9684980434634
1.19836242465857,-5.34829899632653,-39.7925913950183
1.40094257846918,-5.45782771916419,-39.8419183596337
1.54225596382324,-5.54046449563486,-40.015920872123
1.36867244015257,-5.76503200981895,-40.0053248849439
1.17444425521781,-5.95455297319624,-40.131614327303
1.24279188408146,-5.95605812121633,-40.4739032620131
1.6712767616389,-5.69670616610443,-41.0640161596502
2.29550515031565,-5.15208687501637,-41.9736720819473
2.95423847147768,-4.47574527752837,-43.0719736251964
