13.0302547590646,-9.53011038573353,-125.398267556727
13.2777786673844,-9.69401540102667,-125.650352750261
13.2642367330279,-9.75034163295217,-125.689415111735
13.0061278756604,-9.64292609952938,-125.330200260024
12.8935456036349,-9.50277442149713,-125.118260477716
12.8690077519987,-9.16090029460093,-125.021962088448
13.2171750169338,-9.36767473747644,-125.399468560841
13.2400899100177,-9.65965653873787,-125.419333804451
13.3418558765413,-9.69193135002646,-125.517884645698
13.5638980875759,-9.99932701391342,-125.774275017219
13.2352426383501,-9.64450270779412,-125.244312243032
13.1826606918097,-9.73307508559066,-125.265240660661
13.3555610046332,-9.86357719567109,-125.631304017218
13.0901575436439,-9.72049132274753,-125.185689676759
13.2418872932101,-9.75372319540102,-125.33422649508
13.3816752109137,-9.71762011156548,-125.491140885012
13.1629961126453,-9.63886207469693,-125.150023596762
13.3460915523868,-9.72257733493323,-125.390344967129
13.0843713775291,-9.65096279767261,-125.129902904806
12.7852108054066,-9.53219916682437,-124.806858463613
12.7850803202168,-9.52778908066574,-124.763178509978
12.7341906956993,-9.12043071798884,-124.726800306167
12.9947169615612,-9.33631890724626,-125.20534901329
13.3414707781984,-9.47327171260322,-125.815707114061
13.6311537078867,-9.4391145047887,-126.319747328051
14.008482137382,-9.59588604399705,-126.731132209357
14.199679728342,-10.0158967183849,-126.91344475125
13.8656647299335,-10.3850596369384,-126.348476150726
13.2324695136555,-10.5113430679498,-125.559288286908
12.4943809638167,-10.3353050829742,-124.858939710541
11.828091184266,-10.1824389887603,-124.284425630475
11.4052794856352,-9.99358135360527,-124.024862107882
11.4568048636233,-10.5907003039838,-124.331481853981
11.6544908193929,-11.3792429082776,-124.616477601983
12.1038853595886,-12.0713134916655,-125.348286222049
13.1785980269327,-11.7074889453829,-127.287376510846
13.7830069805826,-12.727190574743,-128.271272820245
14.1932440492724,-13.8111935797284,-129.044017264205
14.2224259915937,-15.085000404388,-129.367646850337
13.9921894971825,-16.2023696756935,-129.491159501684
13.4948554291216,-16.9297327377701,-129.446458755295
12.8503699424863,-17.0109290914599,-129.456378806868
12.5917217924474,-18.1220621164671,-129.693083826645
12.663632900691,-19.3008267000775,-130.469123978126
12.7582581062956,-20.4740034041979,-131.426931290219
12.5858265455723,-21.6632718645186,-131.822996188593
12.5600664246917,-22.6037182762847,-132.514615302943
12.7076595615659,-23.4468975443054,-133.501186850223
12.8996971645394,-24.1055784804091,-134.501850285281
13.3858256746395,-24.735344512234,-136.173068214272
13.3602448658356,-25.001328441875,-137.036602010262
12.9923427505706,-24.5717484183007,-137.335803286863
12.6045618341953,-24.2175729541813,-137.726539790436
12.3949680948593,-23.855941178321,-138.326650618973
12.5610525880708,-23.4381947734557,-139.421637770177
13.0150294938694,-22.7681346429418,-141.007779427807
13.7006286361725,-22.2192320617531,-142.744021619008
14.3089115847479,-21.7201788774026,-144.15105540792
15.0773910606362,-21.3963417643717,-145.58799764327
15.9853824921012,-21.1654316217804,-146.969663738655
17.0635883959725,-20.9064415026231,-148.256977987813
18.2814630709049,-20.5755629553223,-149.71552931824
19.4461957962401,-19.929062178124,-151.226355837715
20.4136628313802,-18.8906894429789,-152.689826397207
21.1057451727016,-17.5517702323513,-153.980027863165
21.6246032282036,-16.0063846559692,-155.086634547854
22.0751726788019,-14.2990092847602,-156.086863037467
22.6594716560388,-12.5915053941114,-157.171131928601
23.3904892489565,-11.0152335592351,-158.347406023409
24.2087290363208,-9.64601031100071,-159.473601489652
25.169031723598,-8.63962234187421,-160.50543684766
26.3153415515392,-8.18081013695041,-161.392858648768
27.2887831896137,-7.95101241771417,-162.154539081299
26.3983831107126,-6.86114013283811,-161.418388325413
25.5243922687228,-5.41636652489815,-160.968928427984
26.0247436646028,-4.28091643585742,-161.348120087675
26.7590030991909,-3.5785461032788,-161.865071249729
27.2810046771192,-2.27659587717013,-162.205746424946
27.7992032241683,-1.1308741899959,-162.377526419531
28.595123266446,-0.275988745608061,-162.40181392954
29.3437182413556,-0.264749804447283,-162.325978758718
28.7956830232978,-0.347030797326474,-161.723363585938
28.4555519856357,-0.486952099631621,-161.230740328595
29.4762419578078,0.247694599642899,-161.319036564421
30.3861693885498,0.172988801540634,-161.420647740096
29.8687481259724,0.466105087066593,-160.689833815653
29.1302324289974,0.728833145933598,-159.642793976641
28.4463122616762,0.692469711811873,-158.6187629282
27.9825518268865,1.91496529684946,-158.035835263547
27.3475298965027,3.15587749706434,-157.508371288673
27.1320505813229,4.41104778184889,-157.158807581974
27.0839495161832,5.60671896612753,-157.011737143135
26.3816425076197,5.33475254768333,-156.947221748045
25.4187049046363,5.44313316785742,-156.782034300615
25.7179170447969,6.50217169610588,-156.900743397571
26.5997716620835,6.35221797507817,-157.304486857634
27.0860100210242,5.88076355172722,-157.572237654882
27.9878622238455,5.91951847483277,-158.060074529851
29.0822001253557,5.81900889620964,-158.688296580036
29.8855761214372,4.91965209913914,-158.974124707452
30.5017335916508,4.0062322286052,-159.213938285711
29.5986985235602,3.57533046698595,-158.924698489556
30.2239635502017,3.18371594242094,-159.317361904086
29.7516389564681,3.63995494108044,-159.11218285889
28.8584084025924,3.24115972944275,-158.725382436102
29.1948741384969,3.5994832385095,-158.860449725551
29.3799011144221,4.03007776423047,-158.983009810195
29.4354672917501,3.10428304482378,-158.864428933157
28.9203622883851,3.35645674152309,-158.534203321028
28.0653004509398,3.62053060288931,-158.288360183934
27.048551075844,3.60750401273874,-158.070207963632
26.2877287892186,3.83836993214754,-157.873590883904
25.7941348847617,4.3714789905284,-157.891130707094
25.0036358958312,4.87977294448018,-157.829441293174
24.3440764859896,5.62456510438853,-157.910885972763
23.7388837355913,6.41374905563567,-157.914589740627
22.8973272795285,6.88148422566305,-157.905341867534
22.4062324739814,7.76191635446951,-157.892592192522
22.1028214408247,8.73173595014805,-157.991556388674
21.8681909464768,9.64990022906079,-158.150383253455
22.0766690043571,10.5938823785108,-158.560782428016
22.5390501414342,11.5050100271994,-159.214281665001
23.0228838563249,11.5501142423158,-159.686328127832
23.9118812109103,11.4094167999889,-161.104868373527
25.0039877031381,11.4538443609651,-163.081878494512
25.5314092563501,12.5757639857563,-164.920498843388
26.0144782364671,13.6591990084629,-167.247733860703
26.4598275104409,14.1632740650071,-170.432473896661
27.4451453789244,14.6619322731031,-174.831665305782
28.7149078991024,15.0127075797086,179.540810755295
30.9458556309577,14.0365594741977,171.533482367883
33.5496383417015,11.5878562305181,161.112368662079
36.1176035159192,6.69103502648378,147.695392284433
37.669028046791,-1.4568903843606,130.920046339738
37.024865227577,-14.1393556373483,107.545426214929
28.7920824018115,-31.0232409624606,70.2148598401308
-3.32079613068135,-40.4770121616209,1.4070284740558
-36.598106716066,-23.6041403765664,-78.0554293996111
-39.1139402052893,12.2528880869423,-137.838037088791
-27.9492263980894,26.8731001485743,167.806171705045
-13.7562825708568,30.2434669236896,118.078369807269
-1.75762802093704,30.8460711424954,76.6021663958643
6.99774365719527,29.9993989674511,43.5948264255647
12.4361422500409,27.7504621327421,18.4714996842046
15.2442386749617,24.4205017827589,-0.359894819516068
16.3382040171805,20.5208263472361,-14.8550049931903
16.4820904879201,16.4910162673012,-26.2328125397681
16.159128460724,12.6122445340143,-35.0315815304764
15.6148692740235,9.04769935850892,-41.8811618355609
14.7232348973226,5.9369566522891,-47.4920705590169
13.4671765516244,3.18094992810099,-52.5654363375599
11.8765376281272,0.904313170367906,-57.2245818778303
10.1247599173194,-1.11667057789434,-61.6684954563086
8.58622301501686,-3.29743004474635,-65.6837807947867
7.53773862311971,-5.68264976869817,-68.9374814899124
6.63523565484457,-7.9982264528133,-71.5838151920566
5.6918642479214,-10.0038036523558,-73.7072618026847
4.83350165377148,-11.895158360022,-75.3916288041111
4.12814588543252,-13.5903220520337,-76.5802788304307
3.40507866527251,-15.0808922101493,-77.4717325811659
2.44070010958381,-16.2687645852831,-78.2774306973864
1.49811399503491,-17.2381242093755,-78.8464685244989
0.817064074142832,-18.1566955427898,-79.0691527338618
0.16441658284228,-18.968993273702,-79.2528123865054
-0.673999797277984,-19.5703668316331,-79.6224836033171
-1.57928179400197,-20.0267854946197,-80.0118585997807
-2.22691932186754,-20.4661493418313,-80.2137266061541
-2.71263060610649,-20.8524774603681,-80.3110197695556
-3.27083171778761,-21.1245494456388,-80.5414282323348
-3.85889256065791,-21.4176316008031,-80.7600391769612
-4.18740953125578,-21.8156057829946,-80.6442616799681
-4.52935782830141,-22.1753721836047,-80.4367752486045
-5.07566468997599,-22.312261660716,-80.2506589258727
-5.54452632401556,-22.4635310114457,-80.0154606005886
-5.8124120722183,-22.603463926741,-79.6986340134508
-6.07860937456251,-22.7831789149764,-79.3973766913907
-6.40189947885509,-22.8741553566556,-79.146433897477
-6.66223121097421,-22.9245590273878,-78.8402611493638
-6.80635397848202,-22.9629814543706,-78.4817770213103
-6.89197783829618,-22.9575466156187,-78.1034811369809
-6.99072263723587,-22.9178642596467,-77.8369847601288
-7.11161971900377,-22.8640823640918,-77.6489219889761
-7.24445539141761,-22.7833061229116,-77.4883325179083
-7.36237142897329,-22.6657260831551,-77.3483844100448
-7.47636468492973,-22.5937992069319,-77.2541834595116
-7.53635355959538,-22.4920541402059,-77.1717501879155
-7.50878914095364,-22.4130618608734,-77.023674467803
-7.51098761178332,-22.3465889160754,-76.8972849124418
-7.58183449523924,-22.2298498157114,-76.7579552339877
-7.57858420491215,-22.1905491594074,-76.551726560842
-7.49516215438513,-22.1527440366852,-76.2763260043476
-7.44288819558334,-22.074708854456,-76.0275572858576
-7.55893226535506,-21.9996376622089,-75.9256250025946
-7.61960904667293,-21.9312476551657,-75.8018281622066
-7.55417176129554,-21.8520113122915,-75.6427871574242
-7.46962526465817,-21.8110583945399,-75.5645080339121
-7.40997986142531,-21.7254481544959,-75.5580404950116
-7.20610191715257,-21.6612505918486,-75.4898401292667
-6.96951180587777,-21.6647091432333,-75.4240626724032
-6.72320759889062,-21.7056873636576,-75.3721332583352
-6.48003781892126,-21.7172157613958,-75.2623604746617
-6.20885842920221,-21.7548728410593,-75.1077664782886
-5.95422797677739,-21.8302584320483,-74.9248155895227
-5.72905969512472,-21.8464359999143,-74.7182359187286
-5.58965399816988,-21.865854053631,-74.5933874221051
-5.4636777719352,-21.874564911398,-74.4805268472689
-5.25233463029069,-21.8864284022591,-74.3204098055645
-5.01951639302841,-21.8547663067913,-74.1264155642357
-4.86550199371616,-21.8711367615474,-74.0295761053395
-4.70983379876613,-21.8830988702719,-73.9554622906927
-4.50299541279187,-21.9012971818395,-73.8116598233762
-4.34512927393717,-22.0245131934527,-73.6896268237018
-4.18584698630055,-22.035914292771,-73.4954855829547
-4.09714770406753,-22.0333653997234,-73.3610944961381
-3.98773549301399,-22.0475357288501,-73.1655527974518
-3.86619162097072,-22.0760548106318,-72.9882843107946
-3.76925488414193,-22.1105091659759,-72.8408610444795
-3.71927369789845,-22.1397848001781,-72.7273799266819
-3.61931873083212,-22.149331654441,-72.5491772085872
-3.53971265280463,-22.1649022473919,-72.3943189794721
-3.452332365231,-22.1668553509678,-72.215089223222
-3.41206742003435,-22.1638129369564,-72.0621416577229
-3.3658448899072,-22.1871257575246,-71.8645602672063
-3.30914213584212,-22.1703849958893,-71.6507120324134
-3.28734036200277,-22.1643211249941,-71.4547897987126
-3.28195140487895,-22.172146565304,-71.286250224975
-3.24286510748249,-22.1372715747321,-71.0764947040631
-3.23037399628776,-22.1190023745975,-70.9207047061765
-3.20625587324672,-22.0926282550004,-70.787778162941
-3.22586577365421,-22.1417988467767,-70.7151169870128
-3.19695748602988,-22.1921724967941,-70.6035794127522
-3.14346508168121,-22.2068560356822,-70.4576659775921
-3.09672077489698,-22.2397394737491,-70.3139900224771
-3.06083698620948,-22.2372890598965,-70.1085054576916
-3.0390574005713,-22.2306373087093,-69.9111442886488
-3.0004601401545,-22.1723773284631,-69.7225851672734
-2.96810886574353,-22.1240196922455,-69.5689508704051
-2.92944355470706,-22.0641616822498,-69.4403046984225
-2.90092532107194,-22.0079536756791,-69.314025638681
-2.83996220406651,-21.9601286918016,-69.1728493324156
-2.8341013295234,-21.9590878247463,-69.0592829468711
-2.8383974913748,-21.9324192545935,-68.9336002252698
-2.80358217152858,-21.8955825632862,-68.7769377719119
-2.81796682628784,-21.8723409576656,-68.6476957904852
-2.83470292437214,-21.8683379718212,-68.505764550311
-2.81817749082535,-21.8281415358273,-68.33189594027
-2.78047255800083,-21.8743593345814,-68.1454362309528
-2.70835386570958,-21.917827852341,-67.9341807019208
-2.63297837401839,-21.8984321550429,-67.7084776070639
-2.58734560902018,-21.8744384327372,-67.5073823160077
-2.56363018045083,-21.8305574605121,-67.3293022532987
-2.54265018348276,-21.8114782754894,-67.2099001134688
-2.5455874043818,-21.7551251755384,-67.0931348177887
-2.59002936046446,-21.7647621092572,-67.0142434257096
-2.57368627010969,-21.7839425236872,-66.8654878746877
-2.58184659162684,-21.8100865033919,-66.7423518013937
-2.58047631527626,-21.8766614245305,-66.6397822339128
-2.53600562028005,-21.9701114414395,-66.4930519056865
-2.3930158669409,-22.071885558245,-66.2911657339496
-2.25480618701528,-22.1690779244038,-66.0949562670011
-2.08723227410774,-22.2658115079683,-65.8728648167369
-1.8539654019561,-22.3656170107127,-65.5918130149024
-1.52330486822059,-22.4421157203642,-65.2048222193989
-1.05929765959391,-22.5257922861654,-64.7362612965596
-0.379984238615134,-22.6116052423236,-64.1113225166771
0.687886974548759,-22.7460811657304,-63.1999764288483
2.21829085838273,-22.8022657172149,-61.9258577287596
4.18105356232847,-22.7774411864311,-60.3361358887812
6.78390028143625,-22.5870304132681,-58.2895459326481
10.0554003406824,-22.0860260892899,-55.7365552840437
13.6394177776267,-21.1103386994583,-52.9423248054117
17.4676442037182,-19.4634195940845,-49.8119466034367
21.4888196768834,-16.7405315465428,-45.9958595123517
25.2735721385043,-12.6411769198882,-41.5836927277932
28.2304109484965,-6.88146266935145,-36.673686561859
29.8793780138028,0.716764205607323,-30.8962151042206
29.981859739606,9.78345219727355,-23.4438962134765
27.4116400394583,19.6346409158036,-12.9892194089488
20.2451104111348,28.5610551049136,2.57726594216187
6.13275877196449,34.5122821371589,25.8618823054481
-14.490891277321,35.5553162866489,57.0875629786427
-32.5938553719673,29.3630868479137,87.1988489471359
-41.7387668026903,15.1842459384617,109.592647509557
-44.0249414895331,-3.4569721470283,128.054157139441
-41.6994144231109,-18.9998115656459,147.070574791974
-36.1456258934695,-27.7739243951895,169.966540839327
-28.340740243324,-31.2052969523401,-158.174902087857
-18.7317284461348,-33.5845321532141,-101.575588617632
-7.5450266255765,-42.5553652172732,0.181441314650178
1.27991711414857,-33.5612696734208,85.5134847828519
6.77433540377135,-33.7265287775041,129.33983451715
10.744474379187,-34.0616451621134,151.912910830467
13.5662475248741,-33.488372551051,165.961904854717
15.2589054774285,-32.1923234968475,177.263570424978
16.2929784598875,-30.5096965109471,-174.322681460766
17.1660485934721,-28.8270627140947,-169.073124142187
18.0284859837609,-27.233595192109,-166.627144456783
18.5421990702512,-25.9022157701269,-164.487344297555
18.8254110050428,-24.8815832571411,-162.611756133438
18.9562734457067,-24.1130477457371,-160.704022735366
19.2904422463874,-23.5364346979931,-159.581280558138
19.7693744764167,-22.9540188661118,-158.812144824724
20.4118833606689,-22.2583464286897,-158.392961077277
20.992754310532,-21.8932838559338,-157.71193857708
21.3411114535951,-21.6338799078359,-156.714068967113
21.3030314247008,-21.1744433688074,-155.011051208377
21.0959153986108,-20.8189032287364,-153.485208388274
20.5908420661932,-20.5261939191464,-151.735283314636
19.8715421430928,-20.2955626337391,-149.753970810333
18.8148355711348,-19.7749856277525,-147.19223764668
17.8387940096011,-18.728203402747,-144.929044919913
17.2325938891348,-17.9367196864873,-143.439770432023
16.5121667961783,-17.6428659872477,-142.06130730393
15.7921386931999,-17.2624270916269,-141.135554577431
15.0903681334291,-16.2817051686646,-140.155855502666
14.4108842711801,-16.5786560637294,-138.93825528827
14.1881828027654,-15.671495090668,-138.389406085323
14.5780243586248,-14.8098939031258,-138.830717509981
14.9726880714325,-14.9393824070096,-139.109977051717
14.243133851799,-14.1814357482679,-138.093088565506
13.3497692344549,-13.5424949781645,-137.012624563401
12.6273272752141,-13.9578294079785,-136.078912569958
11.4410582591121,-13.699584291351,-134.829021277498
10.5035459881104,-12.3976982104462,-134.22553909263
9.49470699690494,-11.2680496728703,-133.599453651398
8.53617572400861,-10.1961080140593,-133.081831303485
8.57177910001314,-9.41701339767789,-133.587161612595
9.37029215468434,-8.62682976838055,-134.468093807837
9.36198606135023,-6.80196659641172,-134.814951622742
9.26308655534338,-7.12621727592398,-134.826795269892
8.24094547391389,-7.41917170928851,-134.092470275178
8.80275878853235,-6.94275839962128,-134.685757149254
9.18342653462352,-7.18948593788825,-135.185459296752
9.20627862235662,-7.92361383969537,-135.193860075459
10.1223773515566,-8.19406336209633,-135.777177537248
10.7572917015625,-8.86632837482074,-136.159925950249
11.4027268629264,-9.44700673153887,-136.463820917006
11.075521604211,-9.24401339252165,-135.951318108414
11.3687006687939,-8.11128986036464,-136.113571324473
10.6768313175967,-7.56387945928301,-135.386127441605
11.0490291460045,-6.23034296138173,-135.622900072661
11.5272198592854,-4.9336780547812,-136.006877914942
12.5105886528791,-4.44205013319354,-136.744410439082
13.3866058483875,-3.52937345527425,-137.349419371273
14.4787292727883,-3.42065605714384,-138.064368342987
15.3758951031857,-3.51321746859767,-138.702371356398
16.5708247866501,-2.83923720417755,-139.628049504931
17.7636588172086,-1.88046493678101,-140.477072497559
18.6762501988643,-0.850697184541381,-141.048850656265
20.2045807975136,-0.517955686663421,-142.091002191597
21.926929254823,-0.769418864733664,-143.264510545188
23.5115591577023,-1.23824998716226,-144.221700854051
25.3435982889876,-2.52037269684822,-145.334812350446
26.8535937542377,-4.00037039880996,-146.162436422927
27.906568276513,-5.26821069670184,-146.446552416698
28.7533671773843,-6.51160399516767,-146.454731131557
29.5967496649866,-7.89912308042961,-146.572023630709
29.4671711003175,-9.20274012630184,-145.654028350689
29.0219984034848,-10.7113358188492,-144.201379501867
28.4823436422254,-12.354671006315,-142.566512544819
27.8945486297416,-14.0690163939348,-140.738472661572
28.1143248849743,-16.0572481619164,-139.866653476407
28.6428950955917,-17.9122794032431,-139.002520371713
29.2669695000902,-19.3527609995021,-138.20638711653
29.7945819212516,-20.5899514462581,-137.295824995546
29.679111372181,-21.952214463438,-135.57207280301
29.1176245297737,-23.0830892651077,-133.174934668058
28.4943634759745,-23.9907403546445,-130.672228495021
27.926096316098,-24.7921430963814,-128.124868228807
27.2728251000189,-25.4432994031567,-125.327274295406
26.4631396475207,-25.9011367647977,-122.318908753994
25.5231509369485,-26.0647776126739,-119.253097143821
24.6610473778289,-26.0285811210003,-116.569494003021
23.6808581796761,-25.75575251498,-114.119612576139
22.5864655319484,-25.1995105826995,-111.939917148713
21.4564313596629,-24.4414554780696,-110.197742674286
20.3774655507627,-23.6684715613739,-108.857693554694
19.3650256838977,-22.9482759936126,-107.741216913825
18.4471073036361,-22.4562613988793,-106.762256155579
17.7198067171631,-22.3194621220707,-105.871506519659
17.1375406793869,-22.4671507872974,-105.041078624618
16.6826381166783,-22.7528513066345,-104.273669569439
16.3928138786202,-23.0491669216476,-103.823341616283
16.0336628156517,-23.1477354740119,-103.53507208423
15.3797456991253,-22.9918288903259,-103.192725185675
14.4861528440504,-22.6922100525845,-102.791148315425
13.7381054488543,-22.5802636736396,-102.41264334837
13.0195414641156,-22.4674229968745,-101.989854415158
12.6305937927497,-22.4759925501505,-101.807886318994
12.5451114685512,-22.7334198236304,-101.742925820097
12.2216776436012,-23.0395937736545,-101.084876803446
12.1669270925324,-23.2596451832325,-100.694685897897
12.7126393966631,-22.8819134256866,-101.549290359906
12.6115121737039,-21.8709278699439,-101.81540453637
12.2986672241702,-20.8605301129649,-101.89825771292
11.8915231786123,-19.8981650121132,-101.875543380754
11.5834597952119,-19.0532981888825,-101.995505756894
11.502589248099,-18.1348582529737,-102.334460796258
12.1071444691126,-17.3725138014859,-103.571688473036
12.5651884547971,-16.5119188051727,-104.698184105972
13.190710440738,-15.8327666206009,-105.928644372591
13.7468957104129,-15.3967057637924,-107.008289815984
14.2020691395461,-14.9897969889492,-108.096767210985
14.740992177113,-14.6419625841926,-109.074453945107
15.3552164494447,-14.408209893665,-110.138418308182
15.625597504415,-14.170323419613,-110.841710887839
14.9561405329301,-13.5509088039518,-110.502615966211
14.1880753330465,-13.3345141558038,-109.905858475085
13.3473056807347,-12.5415674605722,-109.229001756885
12.5891550820785,-11.7453365376369,-108.840170957551
12.0080370139011,-10.8558744580934,-108.873024019351
11.3639712157669,-10.0184351593762,-108.730348023799
11.4401357976705,-10.1264904914936,-109.302086969354
11.388710766687,-10.3444235152136,-109.586139007685
11.6578174789177,-10.4151397669595,-110.257562001409
11.8960285362046,-11.4859450209838,-118.376058566176
10.969550311118,-10.7048392977053,-117.730861908906
10.2493584350589,-10.1222901112392,-117.197355494272
9.58461784446592,-9.69854466809371,-116.645239018892
8.91208628777478,-9.40668834275622,-116.02126424996
8.24019779791999,-9.13228339247825,-115.390945740689
7.63144272201274,-8.72481854461114,-114.90610237456
7.48044414572765,-8.40597651208556,-115.367211041166
7.55891584979328,-8.59547285103771,-115.393568813968
7.92873264237727,-8.92837703582815,-115.659271749959
8.39409597437453,-9.27085510675973,-116.050024114989
8.92203452726873,-9.55096289323332,-116.526524331746
9.53886166667635,-9.66254507521088,-117.23741894427
10.1633423381934,-9.54749404645227,-118.086080580941
10.643664877934,-8.93612537664215,-118.971303253613
10.7066724426941,-8.20600155619087,-119.433669691768
10.3303227821057,-7.45158635303969,-119.217998698784
10.041515092301,-6.61703139236177,-119.399503013307
9.73426076055529,-5.8395860186292,-119.583854207354
10.2212147439655,-5.9467216184554,-120.457370950328
10.2179158440151,-6.33988489821649,-120.541570913828
9.72781773168676,-6.41119104492761,-119.927047473572
16.3043821508806,-7.78139476436919,-126.876561929512
16.0860062430446,-7.61160230189957,-126.790899315379
15.8538752642988,-7.73500270288526,-126.589529453564
15.4912497976786,-7.74351687441939,-125.973852348639
15.4319641030822,-7.53376244150149,-125.951472513178
15.5763715919232,-7.57903634144808,-126.338478609445
15.6561164198367,-7.58035898051826,-126.566113521885
16.0490974051561,-7.56583127728875,-127.198050560179
16.2444187076122,-7.45645068205016,-127.513171386366
