1.23668199684865,-0.342697793346616,-61.6153186329451
1.13659846580188,-0.356584604515161,-61.5970807930361
1.06643449218137,-0.453211467487108,-61.5715975005745
0.998542647257651,-0.603508289324399,-61.4889987102228
0.877207103734206,-0.764412409639929,-61.3260010636643
0.784030035014363,-0.95388339744105,-61.2532829484385
0.765870560636501,-1.16794246599626,-61.266617728707
0.89409800730419,-1.18211584695263,-61.4628629421376
1.02676254704774,-1.30405873918673,-61.6444263415915
1.29620250065085,-1.5017804143461,-61.894030560946
1.78202554535852,-1.76758672626693,-62.2994828324393
2.32988383137415,-1.95977014485724,-62.7313864777199
2.96080417306236,-2.01912550409349,-63.3328220094156
3.57695621534275,-1.78183295080403,-64.1557276859537
4.3461823059008,-1.4157253356031,-65.4477147236974
4.72755812422563,-1.08195698270816,-66.6594007208504
4.4481225169966,-0.616186938837648,-67.4034556971172
4.6570964831096,-1.31745698849486,-67.4261828498207
5.14656277480274,-2.02281460615366,-67.423430718862
5.04574558252437,-1.13386539785858,-68.9064808704828
4.37767925533957,-1.81659290052676,-69.2830457771089
4.13282917866867,-3.19861950806743,-69.1887816309485
4.64308440442077,-4.69046974061101,-69.1786189305697
5.65465309331834,-6.15461758759088,-69.2177743045039
6.52796156551513,-7.36278131812976,-69.5061669365383
6.93838498673322,-8.81933187342014,-69.5077327384774
6.86625216138349,-10.2918647371772,-69.2189194460125
6.51782610871986,-11.5816139348351,-68.7982099702853
6.19303114446397,-12.5759255948519,-68.5647653037997
6.0806768728588,-13.1448903720949,-68.782702939363
6.21520380261188,-13.2686537886531,-69.4150750591001
6.47427871171917,-13.0193723588646,-70.2247344233328
6.71600687028577,-12.5042028444475,-71.1436747889513
6.98684451711017,-11.8800167602587,-72.1666141246515
7.27623839107373,-11.3717789992715,-73.0892965355403
7.56154827999336,-11.0420874646281,-73.8383023725644
7.98624768102553,-10.5451248980576,-74.8059185001734
8.27546273606059,-9.53260986368013,-76.1818904471277
8.00846024917351,-8.26599112519662,-77.4144150628497
7.29692222880871,-7.01772362564092,-78.3130911026288
6.32894659440305,-5.84953869883237,-78.9785341207451
5.25961555539047,-4.77897370916181,-79.4870079537723
4.30291049839514,-3.72181906476656,-79.9152595429526
3.42403302240085,-2.66937235700062,-80.3370695764124
2.48508171279378,-1.61965662786612,-80.6612750575674
1.43266542513839,-0.631116475313717,-80.8689140534885
0.423057102119485,0.37140163817205,-81.0279420686162
-0.540891068223961,1.30722657073916,-81.1131338399434
-1.53590929824925,2.15089827237621,-81.1134889681382
-2.51785349783592,2.83921583034322,-80.9820373375522
-3.55812992499062,3.36699555490895,-80.7389947291164
-4.63212235396649,3.83978356115028,-80.4552019893554
-5.60772024511078,4.29541351208533,-80.18834043354
-6.5165002470472,4.74281440944653,-79.8944226590502
-7.34933626867198,5.15947043185115,-79.5827852905695
-8.12689984863308,5.60815391137063,-79.2814901654513
-8.93080522882974,6.03514372198443,-78.9432565824846
-9.57838893972996,6.54628106930863,-78.549896399507
-10.0698025416804,7.06565220646913,-78.2216144526617
-10.9007862714432,7.27558486891457,-77.8139704448493
-11.9262076599734,6.85144026534799,-77.4983431061995
-12.7525047370043,6.16541312927311,-77.221773304467
-13.4429802833839,5.39079522858781,-77.0610572290106
-13.9195169117698,4.83660144521256,-77.007823815352
-13.8998449614772,4.02936656230736,-76.7854213719403
-12.6798002403308,3.43126856773716,-76.7477193976716
-11.7416121364411,3.0382558032323,-76.5702147149597
-10.931941203088,2.96198568353771,-76.3417944794985
-10.1147989651201,2.65895697290266,-76.1642610249862
-9.57998076842199,2.04437179212775,-75.9289413381893
-9.19093495252138,1.39045463472215,-75.6737671723573
-9.09421190511335,0.760302891323226,-75.367386400029
-9.29356739962502,0.206799085258458,-75.1701307050177
-9.47597704270832,-0.28290859139207,-74.9665363523215
-9.58569482653247,-0.902304886534538,-74.7465728079564
-8.75589212685457,-1.47002594353373,-74.4239830319084
-8.13266333657529,-2.16339848327679,-74.0507321038324
-7.8193173017837,-2.68777545972046,-73.6730353121753
-7.07344959187377,-2.70262593562823,-73.3954391307909
-6.31529518413945,-2.63984640140677,-73.1156002586332
-6.45926386829995,-2.64937967073388,-72.7768600324309
-6.62623203670098,-2.68014649958773,-72.4157067530201
-6.54857073366319,-2.59462440279791,-72.097008185943
-7.04201435243404,-2.6577361346538,-71.7342014638278
-7.33067263711193,-2.66410984484124,-71.3621005998377
-6.74183412333939,-2.11331935600137,-71.0766830594459
-6.09498493519789,-1.56358393034137,-70.8741061110136
-6.17045352987034,-0.804459853496749,-70.6588830895596
-6.55402610594912,-0.176570397611101,-70.5951925380419
-6.95281813223405,0.257272964713829,-70.4424238341708
-7.30142697315704,0.584372823860063,-70.3082968889983
-7.58878818268768,0.90041495174742,-70.2187643786214
-7.80343067040308,1.25515160739101,-70.1403132160963
-7.8623384879404,1.51448223730943,-70.1121679126117
-7.63483801242673,1.8999801107069,-70.0920405231149
-7.6880511445217,2.40573229085426,-70.1653198766173
-7.76001491608515,3.04925589085438,-70.2842151051613
-7.78855130340297,3.82588458929494,-70.4775815867938
-7.66799353577489,4.72478477225871,-70.864136381246
-6.33086373791853,6.11982804372278,-71.9667406895557
-4.96524212186239,7.80860027625494,-73.6171735450561
-3.66149687765551,9.81196264383923,-76.0749985464063
-2.28607872611156,11.7914857396756,-79.2597518878057
-0.841668576572849,13.6963865906438,-83.1855787547716
0.784728845028721,15.3642086853603,-87.828909996467
2.84005468606655,17.0582380666726,-93.7968555711367
5.22904940959364,18.7052709822335,-101.438573108329
8.04366573441737,20.1820532704956,-111.265985051828
11.4443904393718,21.2803478107131,-123.753043032538
15.5826828829895,22.0157540376722,-139.606334445187
20.6439029463433,21.9270115157817,-159.271359515567
26.5122381712871,20.4631427556984,176.550326871491
32.6171161459493,15.9026443607355,147.554261915007
37.460722742411,3.88959091039107,112.841258820909
36.6577268309481,-19.5872509960561,69.5550736951356
17.0018149108942,-38.3443577314926,7.14029475846355
-25.2975048516879,-34.415484491366,-76.51255582033
-42.0528649364917,-10.0554569559691,-133.542495020136
-41.8349103275397,11.861004930489,-170.323986907292
-36.5602586022265,23.020268090089,161.145556980786
-29.8520325045329,28.3798303471094,137.742819517339
-23.3414839069702,31.1086165076927,118.968739656407
-18.6894311611085,32.5362731027743,105.946709273374
-14.2028790974846,33.4945541106364,94.2311906171295
-9.33276384910883,34.0262355177192,82.2378557597318
-5.58954115326617,34.2979149793878,72.9458706881877
-2.73388672463792,34.4593375559145,66.0493453952924
7.62865305225533e-05,34.4716813711619,59.8213417522646
2.79538973315895,34.1829546164823,53.1166001348537
5.3415009217777,33.661144550769,46.9196247672592
7.45491523451705,33.0873096313185,42.0409797489019
9.1131550902977,32.4348692631813,38.1932529560977
10.3892219304735,31.7177566834346,34.8111288224596
11.6155961106935,30.9046224233659,31.5829545681072
12.8730708845694,29.894771932726,28.5996154417755
13.9609667043935,28.647170445685,25.8648511768699
15.1706628347847,27.2251495915237,23.2357798406735
16.4811339476277,25.8600083744251,20.9598139860217
17.2777261292845,24.6918572197876,19.5182920319426
17.2197836505916,23.4616165410072,18.4591866598554
16.8902107183765,22.1656937574022,17.3471130009684
16.7630461818383,21.0529558443187,16.3027400041182
16.8656359883019,20.2144130490306,15.4508131782895
16.9699116144566,19.602205750311,14.6403807096926
17.0233354010705,19.1563981548729,13.9613110074321
17.423057074486,18.7836915245113,13.1624383722664
18.1036456497662,18.5218063711106,12.6474309075531
18.8177378740148,18.1553715504816,12.0962760727062
19.3230722139922,17.5785621249468,11.3816099474657
19.82674680392,16.9406685907577,10.9023063389234
20.2425053171742,16.2313015386726,10.6775026175319
20.4339757927772,15.5744462055187,10.5633996787252
20.2778792599978,14.972435056253,10.4239316903295
20.1385437411842,14.5147715780615,10.3075330178455
20.1336345510865,14.2928083795224,10.3764465878146
20.1070245362233,14.1448428291884,10.4554377662341
19.953360596004,14.0270250218269,10.439492332718
19.9109205297959,13.9549667755867,10.4315918635353
19.9342699677589,13.9727801035843,10.5579937150896
20.1282019911165,14.1572672010149,10.6726869267235
20.3253792030618,14.4078814973594,10.6805098996641
20.5437944348333,14.6969267550538,10.5532028066904
20.8179428410912,15.0492157358092,10.4957323620287
21.2073234429214,15.3288391183731,10.4698636982223
21.4831702465913,15.4383101911498,10.4876929413711
21.7456216795941,15.4490306799543,10.5456500413405
21.9996228304504,15.4964536601147,10.7161365113855
22.3049025570771,15.5320731531087,10.803305067591
22.508770001442,15.6085477897034,10.9855501834626
22.5871053553443,15.6330816678457,11.2084210128583
22.6050561540821,15.6814479992192,11.3820578304129
22.630370418074,15.7333811412626,11.5352083650678
22.6097203440411,15.8236527407473,11.7530124179976
22.6115265491008,15.9128078928391,11.9310199504319
22.6058364933314,16.0410724604344,12.1521593469593
22.5887082078385,16.0910986022404,12.393038524848
22.5641797958314,16.1298687108189,12.6495579805979
22.6024244755633,16.1844307001336,12.8612191744709
22.5965068402665,16.2435534753975,13.1514426074127
22.6649819522815,16.3184645123286,13.3145850110493
22.7949599155729,16.4081403870807,13.4932123607985
22.971208594003,16.4421998872265,13.6923096461682
23.1907828984781,16.4425110640949,13.8810990588021
23.3779521281349,16.4340136755073,14.0669720455086
23.5110751795189,16.4322015459331,14.2414431356322
23.599161201676,16.4432563991442,14.4654626931849
23.6740170422516,16.4600022760273,14.632038073884
23.7062083841746,16.4799669200562,14.8168849921246
23.7203373005891,16.481229894609,15.0020971090438
23.733262303932,16.5226157255995,15.223074461455
23.8031953911197,16.5395490459165,15.3795115985698
23.8878025657326,16.5703336703465,15.5267100507817
23.950127116294,16.5833464935681,15.7464377324602
23.9980900377466,16.5981381285405,15.9983545539573
24.036044856729,16.6144911837148,16.1802511590879
24.053419125895,16.6598188872297,16.3792543238135
24.0501047120639,16.7237007504549,16.63415660846
24.0670981270984,16.7887294145989,16.7959978517214
24.0849372249808,16.8898646289762,16.9842896605924
24.0917771114706,17.0097948910186,17.198848282787
24.1240603627535,17.1547178616896,17.3831965024944
24.1575063677087,17.2599695218652,17.5547880507313
24.1721340830914,17.3356403807825,17.6851745501409
24.2200464427398,17.3824709100683,17.8177319381145
24.222473010592,17.4315980166474,17.9695170140307
24.2485520142843,17.4678449676673,18.0867879145523
24.3127721033114,17.5907434804763,18.2062026825748
24.4070409076909,17.7111763479211,18.2887364682113
24.4584204486444,17.8343354508391,18.388126516792
24.5134847386387,17.9895684459094,18.4717704446695
24.5300752962483,18.1594297164781,18.5631653978918
24.4862267707274,18.3217065735474,18.6277561098305
24.3241812455253,18.5129053907589,18.807185932617
24.0877272794284,18.760115862399,18.9860483583349
23.7672468869487,19.1579202864336,19.2381209596329
23.3099744480652,19.6291635650014,19.5086298610612
22.6602500363261,20.2373721337404,19.9799768125527
21.9258421300411,20.9690911048309,20.5415356791432
21.0221047241164,21.8137673493976,21.310567736997
19.9435586388678,22.7514320882548,22.2922654540655
18.579026793209,23.7467349509067,23.6237824259692
16.9733139101488,24.7464515347473,25.3085851265854
15.1071892968421,25.7401014325483,27.4128425669189
13.0120083596185,26.6668961879166,29.8924630382843
10.5222081946624,27.5470802223458,32.9703438302952
7.69970001915939,28.4009462814291,36.7568518566835
4.7318188643419,29.1339551825882,40.9109473948085
1.68877049782046,29.7304485962715,45.6740832434054
-1.8089521017479,30.2269471744807,51.465494069336
-5.86527715011216,30.5131445950135,58.3959168442424
-10.4347335697121,30.3028730681375,66.3450832265418
-15.983958539451,29.2444334232755,76.3362938267775
-21.7124156791253,27.1074330378912,88.0399317156945
-27.677868429475,23.0670354663483,102.626797102881
-32.7295370367418,16.0302191711944,119.769198329634
-35.7548851535269,4.67566216887658,140.74539403497
-34.6673258590669,-10.1603768754202,167.792170276046
-26.1285857187815,-23.2412343384586,-154.336524222179
-7.99870162326986,-29.470394388669,-99.9575785804386
12.0103431269951,-30.3023776379592,-27.314606743153
24.3216019603671,-25.7273120841566,69.0143829545293
28.3329168520969,-14.9166621933954,163.957983313328
28.543979188139,-10.1520087251784,-139.496206865124
28.0412291086989,-6.35664257325361,-108.053417909084
26.9519658765673,-3.49348636142161,-88.6430942514061
25.7259575854581,-1.71975974822893,-75.7547592839304
24.4051966240781,-1.10508642079816,-65.4225296390191
22.7613796711807,-1.06378812374447,-56.9752170035524
21.2514815312396,-1.53587485008146,-50.6621852588174
19.4823443192195,-2.27191415953397,-46.344462000118
17.814409128832,-2.93904034540667,-43.5732904631953
16.3769197354133,-3.60601027194809,-41.662611347636
15.055400034294,-4.48564132048697,-40.0242069900469
13.8601189497674,-4.60163865870963,-40.1388364081642
13.1621084830674,-4.28571067567386,-41.0587706761579
12.5575140189122,-3.81543531123271,-42.0102598215531
11.740705047825,-3.350963993268,-42.8767402966959
11.0440826786302,-2.93486759348398,-43.7319533226214
10.2290770597889,-2.68581907609406,-44.3412036798994
9.78601729526461,-2.55893893022458,-44.8755890541889
9.48413937956234,-2.52709919031554,-45.2594974706352
9.30123518615861,-2.7223274921097,-45.4736226568718
8.942254011987,-3.38895321452381,-45.2223408010092
8.54672598954514,-3.88546329157249,-45.1491404457324
7.62286891075257,-4.80810637873358,-44.5158724031528
6.86700021828277,-5.61007098769365,-44.147229595335
6.04145938713021,-6.13926340887698,-44.1855353987123
5.5507196383569,-6.36956068768304,-44.5575996852498
5.18710461692351,-6.00259674923194,-45.3544000631187
5.18983491891307,-5.78190165944869,-45.8658628581614
5.08721814079415,-5.73903553035262,-46.278841004345
3.8745866559692,-6.73387724215943,-45.9791100879051
2.82009512660372,-7.71815406218006,-45.844380555223
1.83219166160683,-8.26186037781113,-46.0284176343982
1.08354619486713,-9.11322776320713,-46.2008447314508
0.486020178655598,-9.78436162084653,-46.4037400970034
0.517784481728166,-10.288381019152,-46.6776013415716
0.469630612149574,-10.7192881285569,-47.1550263410589
0.0681155727085486,-11.3060421705074,-47.6214612560186
-0.110280628780846,-11.7061727536393,-48.2371898881686
-1.39062116496899,-12.386149848225,-48.6955247698546
-2.30447239731747,-12.4474745713516,-49.2670608594773
-2.88967425230832,-13.3510971052389,-49.7272917416369
-3.69438424507764,-14.045344299374,-50.1958255074934
-4.40213734933587,-14.69787159436,-50.7612035516958
-4.66328463617044,-14.9516467775978,-51.5801044880229
-4.27291964471463,-14.7540821951554,-51.9756163345442
-4.028467591957,-14.7932110341122,-52.4699983414869
-3.71549690848621,-14.6227272893465,-52.8127575689902
-3.49027527115491,-14.5743935708778,-53.3262824308236
-3.65802025862379,-15.0543316031648,-53.917785410229
-4.54152213895124,-15.6084828905859,-54.5144212714443
-5.44827778255187,-16.3626979168587,-54.9997459170843
-6.49710416882771,-17.1231782187597,-55.5513711913848
-7.57043840300204,-17.6811578579146,-56.0896292285228
-7.14576022732105,-17.7277847332384,-56.127398840648
-6.67095911090377,-17.9912529639581,-56.0076978963898
-6.42399025436108,-17.8420785189037,-56.0984748438876
-6.18588463704645,-18.2903474204655,-56.1374797313189
-6.24468577979245,-18.859054033272,-56.3397859154965
-6.07381788730839,-18.6698754102937,-56.4871774247679
-7.27472760761803,-18.5634542657459,-57.0177662814166
-8.33708863937904,-18.8138909691138,-57.4469241017943
-8.46716933474704,-19.7896966871128,-57.4472584024534
-9.08111349127729,-20.2926342958461,-57.4606705902277
-9.73766868284214,-20.0735016766169,-57.519559801768
-9.26955496693544,-19.9997961371348,-57.0184703474753
-8.73196885383623,-19.6427513895333,-56.4656692887417
-8.4376469288728,-19.1209364302689,-56.0871841701264
-8.42657701159771,-18.9985005193583,-55.9341124970481
-8.73580226364185,-18.9544212377173,-55.880839217118
-9.01141566868784,-18.9107377790285,-55.6997087331321
-9.03923575111856,-18.9009099492711,-55.4373219425356
-8.82290693307861,-18.9869269519944,-54.9524761927031
-8.31475405629687,-19.0114707175336,-54.4950669888703
-7.89266938064853,-18.946746521637,-54.0627726614245
-7.3488216987293,-19.10309641349,-53.652749623282
-6.83632926143504,-19.4464326102107,-53.2782151715117
-6.81148173353975,-19.7571183374109,-53.0754033312519
-7.02892152857969,-20.162949840611,-53.0512900045483
-7.30243779835038,-20.5888577925212,-52.9435595284615
-7.63359718197054,-20.8896743908736,-52.7174418092043
-8.08235606322095,-20.8357122205553,-52.4967985722274
-8.5576906060958,-20.2328414897778,-52.1813855998484
-8.98667105256007,-19.6481145824271,-51.9422955550436
-9.16241142711477,-19.2528660070407,-51.4926113241333
-9.40684426943713,-18.5202848812091,-51.171436729298
-9.65612366861859,-17.5907090927366,-50.8196067221087
-9.80900973124466,-16.6497029971715,-50.4012642851718
-9.63398753475616,-15.6219774666037,-49.9264667581581
-9.18156461697933,-14.1045771836343,-49.4857829497845
-8.56419886751633,-12.2268181451713,-49.2742196970153
-7.78268133252139,-10.2594113574602,-49.2305788381598
-6.94895902810352,-8.27289370225059,-49.3799683272732
-6.25785709860224,-6.38759064967097,-49.6851657424694
-5.6029698434425,-4.67405967990529,-50.0610595294044
-4.66259652971984,-3.14631669384984,-50.498602358648
-3.34147980412092,-1.89175699537235,-51.0272446977014
-1.64784411795466,-1.02346831375739,-51.5064471252627
0.211960744924947,-0.544062854297373,-51.8121824365503
2.00514614411762,-0.391074491937246,-51.9683936826776
3.52718926802897,-0.429766239236131,-52.0402745938853
4.6791714285015,-0.588754295331368,-52.1346178981278
5.25731233161284,-1.20496574512148,-52.0249897678773
5.23764708738424,-2.10733957411287,-51.3874463363495
5.27328474874316,-2.99296282122124,-50.6820133040767
5.57578564709378,-3.81681536844573,-50.008164815127
6.02692766683311,-4.49090315803756,-49.4159135032201
6.55033847867454,-4.97848929630999,-48.9488816359289
7.04866884024122,-5.28629839607845,-48.6312996882202
7.47532126298309,-5.45042967449799,-48.4901083751338
7.67247923103972,-5.64716799688799,-48.2837523369557
7.79921054283597,-5.78527970899694,-48.0136237700199
7.92661029292041,-5.77849510148844,-47.9057579182411
7.97880591977073,-5.74772878804939,-47.851103658279
7.80468535569905,-5.89146607190674,-47.5555372165913
7.55352136583885,-6.18515848438576,-47.0941812862312
7.15667388980819,-6.4666770231864,-46.586945501296
6.5918455754924,-6.59665633536378,-46.0745113915538
5.9700159236531,-6.58190057437171,-45.6460519623977
5.35353719259753,-6.41601466340507,-45.3911312362817
4.87470749227073,-6.15718752185409,-45.3106306525788
4.49502168578054,-5.91335031955185,-45.3342361469554
4.13102739354121,-5.83760585483959,-45.2502799775375
3.73843560335303,-5.98042544953185,-45.0261602267404
3.3673204316756,-6.28010342447263,-44.6978401604732
3.12255647796845,-6.56810034111161,-44.4425552556371
2.88278324463883,-6.78757157148958,-44.2758551557289
2.61522226361079,-6.97179074468295,-44.1112177354235
2.33451676369683,-7.1569786491306,-43.8818965667552
10.275441197966,-6.63446957756746,-32.0903750058442
10.0897646895656,-7.183462306942,-31.7596464501802
9.42932896499992,-7.82467499238059,-31.3392029416484
8.45183689650204,-8.33935417395649,-31.0480005149714
7.46288466390716,-8.65254492815292,-30.9933554820022
6.86511632271906,-8.85841576924826,-30.9490611649479
6.63739738900686,-8.92560967122288,-31.0151995575472
6.91456930876246,-8.75148378870018,-31.2590431623164
7.39935763360359,-8.58144982942009,-31.4497027883003
7.83032527177743,-8.40522045774968,-31.6924559682312
7.97488823359261,-8.47035572730653,-31.7741600257396
7.71724413860382,-8.70869002566734,-31.683149328754
7.6548584004125,-8.52207794978723,-32.0807707265097
8.03309058893939,-8.43073251655444,-32.2995935753483
8.17052384928578,-8.30899340893527,-32.5737863975005
7.31163753021699,-8.36224939095455,-32.8866867098356
6.85691067654681,-8.54145174713663,-32.8914336035426
6.72925174259272,-8.83348194927369,-32.7139053526628
6.68303964314981,-8.80147254391114,-32.8395651964688
5.84647627877901,-8.90915153376022,-32.9460255987636
4.85683780929651,-8.89021965427702,-33.1802317250503
4.3868253661198,-8.89203126403341,-33.2538031318717
4.79642265898937,-9.13840447488788,-33.0442357389323
4.89338492991635,-9.34977366678502,-32.9009561808832
4.27524713384907,-9.49600749605393,-32.9159944629491
3.8950126867396,-9.47947332317713,-33.0631753810097
3.88236430907208,-9.47675796156735,-33.1451816146951
3.88690350127326,-9.44038638126381,-33.2051854161441
3.79775343395903,-9.38144051445087,-33.3442072758484
3.55402533021264,-9.26277746210245,-33.5213425126667
3.07016649448531,-9.15506939429027,-33.7644874040317
2.442985962568,-8.96365065166897,-34.0325040305614
1.97144149975216,-8.83760929196498,-34.2315292832379
1.69623394115298,-8.34920774661002,-34.5231669693192
1.54660709540628,-7.65608897167898,-35.0861648203372
1.23676131877365,-6.90500263912191,-35.7054144179269
1.08896431120722,-6.09877445483834,-36.326215168642
0.701383304033648,-5.22722991662438,-36.91122376281
0.209829044000776,-4.36609656034071,-37.65398543141
-0.582958260771207,-3.68627317109715,-38.2710936541595
-1.33985243791882,-3.02893882597484,-38.7727496858557
-1.83492296009795,-2.31512386183399,-39.2382895389986
-2.06273039563512,-1.63713867810526,-39.6963863143114
-1.97091363610479,-1.10302772123508,-40.0020973177884
-1.90021650644197,-0.774413200488563,-40.2048089276261
-1.7523366149473,-0.724611639396124,-40.144286779594
-1.69121974007558,-0.730818224761395,-39.9583741305766
-1.37744127810344,-0.469644755100446,-39.9528604158662
-0.234660852333085,-0.318325872191372,-39.7453957993126
1.20130772125649,-0.561260795777998,-39.2875693630434
2.6353575924336,-1.20127778714556,-38.5135665472147
3.63787809242455,-2.01422999876646,-37.407489368827
4.05002101297063,-2.72000214156662,-36.1422593853352
4.00414824450582,-3.20261773894127,-34.8693352029103
4.04798572496763,-3.382756938879,-33.6995314884801
4.71708306187308,-3.55682788264382,-32.6316800049243
5.76340162009627,-4.06659108273562,-31.0851346245779
6.94393983250994,-4.73130898633432,-29.4782852082453
8.02929518646986,-5.46282714233695,-27.9990371292998
8.80844696557487,-6.27983098732911,-26.5521307168548
9.27297085687177,-7.1164212974573,-25.1366691697036
9.54696830264663,-7.80873768155488,-23.8674848770183
9.81957657744591,-8.29151087648672,-22.8088529275923
10.1746129211708,-8.66117493893199,-21.8554556163524
10.598206669133,-9.13420141020505,-20.6290243841085
11.0594880726019,-9.79544771912737,-19.0256782773409
11.5215715982467,-10.5845621320337,-17.245749639381
11.8283518200554,-11.536677217698,-15.3107435186609
11.9196452222408,-12.5959994903584,-13.4322565472427
11.8304322171031,-13.4984202835018,-11.9387824444097
11.6822487432422,-14.0680789707772,-11.0528203105049
11.5500746297938,-14.4059081848942,-10.5242487470829
11.4598365291985,-14.6036831614216,-10.1295812802499
11.4417834552742,-14.8337000943853,-9.60991837471234
11.4664175036664,-15.1341643325564,-8.78155159978211
11.618869275619,-15.5067003032882,-7.73760258575575
11.8689302692178,-15.9804844021128,-6.54888416785851
12.1667773645623,-16.5603949562719,-5.28799159568149
12.5022607241246,-17.1250968704685,-4.13813152340657
12.8382117056138,-17.4721838106617,-3.49205073780351
13.0291735992836,-17.5639436792692,-3.47689618571185
12.9742551459618,-17.5178428145375,-3.8140119728591
12.7626342386484,-17.4696474623728,-4.16214701906453
12.4925457242791,-17.4222183187612,-4.43789638397698
12.1924141231659,-17.407405862159,-4.59424205771571
11.9325130518361,-17.4313461850647,-4.68777215518495
11.6066357969314,-17.4433038056813,-4.87133159162571
11.1614339844464,-17.429596275925,-5.13459794499219
10.8088024777714,-17.4334099699933,-5.4266941902927
10.5925476319052,-17.5381653500597,-5.53025916703418
10.5101618127553,-17.5491852183267,-5.63744749674804
10.5592369872103,-17.3179329462123,-6.05876342137813
10.7074237032152,-16.9190464254164,-6.64910701563974
10.8845956815199,-16.4513690471284,-7.38147981340186
11.0690588618533,-15.8809884064377,-8.40594491470937
11.0682293695816,-15.3060574217623,-9.55699463838817
10.8999305224305,-14.7855577635106,-10.6635407149601
10.5760384782524,-14.3516025232395,-11.7026082547881
10.124990236274,-14.0631597668606,-12.5401692435665
9.51238117908223,-13.8885887560965,-13.1432790419216
8.66885628986485,-13.5184052300285,-13.9952323397646
7.74998386456394,-12.7678602160504,-15.3029409364864
6.96397264241103,-11.8184378219643,-16.8988614903397
6.43223971548056,-10.7709125021627,-18.4942762498048
6.0237893585601,-9.73082722549871,-20.0067457263687
5.69539437828675,-8.86068263739356,-21.3255758175953
5.27534399236871,-8.09306940718881,-22.5365021256066
4.68616516066669,-7.51180361592067,-23.4868400272522
4.12135223059131,-7.11162627111519,-24.0600658026054
3.5855450000963,-6.8003180611373,-24.5002532901587
3.07581571390762,-6.43882967678503,-24.8842554896748
2.64757150541605,-6.01771651089146,-25.3446423547158
2.2941545134462,-5.56245160313601,-25.8380460929666
2.06184473702097,-5.1961011278395,-26.321363073759
1.96307489758067,-5.0491717285342,-26.6539778045439
1.92518676086608,-5.11718256098299,-26.7300825968226
1.87508174038365,-5.22474574093473,-26.7093854466267
1.78067790844629,-5.27176373666377,-26.7244882243942
1.62939706613066,-5.22857296219934,-26.8329319047971
4.02465831669869,-7.28174685295646,-35.8922999209302
3.76512069362747,-6.73770007145968,-36.376812260736
3.26194031266348,-6.25066992260916,-36.853362748694
2.58237540176397,-5.7975042930634,-37.3146526008484
1.8146766788006,-5.25263111908411,-37.9010404492752
0.577002077509722,-4.79884940873229,-38.3402990720297
-0.416822187594355,-3.74565342647314,-39.2961697687046
-1.31385954694944,-2.54846852464985,-40.3593400097534
-1.9069433854661,-1.48958587064019,-41.253814552925
-2.13168041120838,-0.651418393363757,-41.9047384951091
-1.83294425965164,-0.00475361596271098,-42.4240350991898
-1.44407552494611,0.604051420367541,-42.7907910953502
-1.39300997848581,1.20354451052151,-43.1082338658267
-1.5318443627559,1.65970427882803,-43.2751072806597
-1.58307965597696,1.98842953231756,-43.2001865828542
-1.53952110371019,2.10908605872447,-43.0718977431926
-1.0578680635465,1.75462607014668,-42.5619924659044
-0.310702905793048,1.08718381663293,-41.7927144240668
0.53043990320726,0.455466856005563,-40.9429075031924
1.42998015332717,-0.112695805490812,-40.0205954918544
2.24942872510078,-0.66528607942042,-39.0333475338805
3.17969604153692,-1.38301271930649,-37.9095661679828
4.00498216820041,-2.37503502542629,-36.4612181932234
4.70701143629326,-3.58235941333217,-34.6695342726554
5.25807882813941,-4.86375413959158,-32.6523626522688
5.74068832563319,-5.9787091655421,-30.6067921129535
6.45103316879842,-6.66956662224012,-28.8186737993168
7.37176075796515,-6.98860899459661,-27.4421284250451
8.3133436366838,-7.21085383619047,-26.4277685047024
9.17602138161673,-7.5906317308604,-25.5119884947621
9.85348894316321,-8.27343703548946,-24.4283664462669
10.3102624073834,-9.15945870475094,-23.0325622485449
10.5971636861976,-10.1412462030769,-21.3644216278058
10.6595624869472,-11.0733466066669,-19.5689013525178
10.6499020902055,-11.8136980451041,-17.9344292712636
10.7445703687598,-12.219005863701,-16.734937104724
11.0645137773155,-12.3667024542638,-16.1272831059787
11.4942030366306,-12.5712879841836,-15.7572673630091
11.8704317518062,-12.9472038920241,-15.3714773967973
12.1311287037904,-13.5261915542774,-14.8366970564336
12.2009996281435,-14.2411283435461,-14.0438697148958
12.1763623821561,-15.0238301657377,-12.9377046034261
12.1439467063281,-15.7270626375584,-11.6638326821613
12.1258314138157,-16.2168426046211,-10.4202172444855
12.286614457396,-16.4603446031836,-9.48904476026621
12.61528440061,-16.3874214723137,-9.14580391144502
13.0005995944376,-16.1111861617325,-9.51317136111461
13.1317948230169,-16.0711545801698,-9.89025388127241
12.870051341584,-16.4717520648865,-9.80269740438088
12.5887585913649,-17.0276686168897,-9.50778513900645
12.2434768854314,-17.5136782714234,-9.21110581486827
11.8375658951634,-17.8083410110154,-9.06699538066816
11.3915287443023,-18.030440873094,-8.99915843896505
11.0259875948545,-18.2120291349576,-8.80675203964528
10.8903142154827,-18.1856386545311,-8.77414404220007
11.0899986193896,-17.8668840396364,-9.13508684354679
11.3423776373907,-17.4595575216125,-9.85425552720378
11.3403184654035,-17.2728079908121,-10.5346076100915
10.8913402891384,-17.5869673867566,-10.6884441905194
10.3882680619713,-17.8862566299359,-10.7503584396027
9.86477266850588,-18.0243910694103,-10.827868445787
9.33102492496774,-17.9898640457873,-11.1218078133152
8.81611517857214,-18.0313403392889,-11.3372347150557
8.51571261417059,-18.2621708681642,-11.0439702848337
8.3825557993173,-18.0233048631933,-11.0673256592903
8.40266149525429,-17.7523136729544,-11.3570700552256
8.63949304246076,-18.003980196729,-11.0834661793962
8.89580972686666,-18.1834323527822,-10.9596856277056
9.04275217599867,-18.3416321436033,-10.9784763254316
8.9195050996736,-18.5404753935671,-11.0238399778911
8.56906233022981,-18.7696635855114,-11.0472324797275
8.0850000390449,-18.8816590239478,-11.1214712580572
7.6230780091351,-18.7704320544293,-11.3841391702881
7.23844493174279,-18.3990318222761,-11.7623698566725
6.99385975968366,-17.8966052463343,-12.3386713299938
6.85472911824191,-17.3198485407084,-13.1303995113513
6.80950856091188,-16.726746334378,-14.0354976555166
6.77880844744157,-16.2146265321442,-14.9613725649817
6.5946701281673,-15.8690291973999,-15.6839665832261
6.28340010110459,-15.6456810764414,-16.2984123261991
5.85529897547252,-15.4539259473139,-16.7313742431904
5.42980042790596,-15.1457698088146,-17.2327547265955
4.96246470152262,-14.6720474165058,-17.8430323487852
4.57248027279405,-14.0140796999984,-18.5563497057741
4.32494247179437,-13.3650701995011,-19.2625355302676
4.17794570424579,-12.7943958369353,-19.8440135574585
4.11533060111746,-12.2753330895307,-20.4558685092349
4.05760707647971,-11.8810497921902,-20.9533040398104
3.9570295515942,-11.6737694529406,-21.3337587213494
3.79349987431246,-11.5446454567454,-21.5460138272469
3.5757236164652,-11.3517909378944,-21.7854014770678
3.33644848150125,-11.1294302663996,-22.0492654226046
3.05386097404224,-10.9028803847026,-22.2806125051421
2.75229719152162,-10.6773958633334,-22.549975432654
2.48806730250148,-10.4346674834141,-22.8381470190753
2.36074295783547,-10.1660838611539,-23.0974434953514
2.31049333891993,-9.81127625171222,-23.5003138314564
2.32531986070997,-9.32749223830525,-24.0482097240718
2.31066584970064,-8.85107551463831,-24.5307752429592
2.25415172420127,-8.46600308848337,-24.9606016222859
2.13645263715458,-8.18070835912665,-25.2801854488382
1.9004142927841,-7.86561122690964,-25.6871567823344
1.602831196939,-7.70596725716279,-25.8751385655409
1.51736872885639,-7.61896201695353,-25.9653172878109
1.35587706526515,-7.41293226949312,-26.2099572478498
1.30328829301024,-7.17647668567761,-26.4450705251222
1.36588419260449,-6.94324391903328,-26.698328166477
1.40641530873399,-6.77862363629193,-26.8515002610508
5.84604333633939,-6.29490156292547,-36.1894373492982
5.89799673832529,-6.27453967863816,-36.31964121842
5.91833157226176,-6.25551201390801,-36.4695996960868
5.90522269777309,-6.24456528802161,-36.5820833226544
5.87895626089358,-6.24621317126457,-36.6457281703503
5.85867944651361,-6.22403760023044,-36.7534289577646
5.77834906410094,-6.19328424762241,-36.8010235907995
5.66331822764632,-6.17154127586572,-36.901899280558
5.53495654521617,-6.12651754567106,-36.9638475914958
7.1953890342258,-4.17534649715769,-40.7563724642584
5.43862224004514,-4.15050067385398,-40.9089064272033
4.06939828198985,-4.31669672506349,-40.8351077857208
2.96160093499685,-4.56749884931844,-40.6019292540179
2.07352110399424,-4.89614697527074,-40.2391950270235
1.42376178476192,-5.11712839362295,-39.9684980434634
1.19836242465857,-5.34829899632653,-39.7925913950183
1.40094257846918,-5.45782771916419,-39.8419183596337
1.54225596382324,-5.54046449563486,-40.015920872123
1.36867244015257,-5.76503200981895,-40.0053248849439
1.17444425521781,-5.95455297319624,-40.131614327303
1.24279188408146,-5.95605812121633,-40.4739032620131
1.6712767616389,-5.69670616610443,-41.0640161596502
2.29550515031565,-5.15208687501637,-41.9736720819473
2.95423847147768,-4.47574527752837,-43.0719736251964
